8150	23150
2422	17422
6487	21487
10336	25336
8042	23042
5594	20594
6191	21191
7127	22127
4659	19659
3249	18249
3584	18584
3329	18329
9320	24320
3391	18391
589	15589
1849	16849
341	15341
10481	25481
3029	18029
3839	18839
775	15775
1647	16647
6756	21756
37	15037
3919	18919
612	15612
7254	22254
2139	17139
627	15627
4867	19867
3076	18076
10478	25478
6184	21184
3866	18866
7603	22603
4221	19221
5118	20118
1851	16851
100	15100
1850	16850
6118	21118
8242	23242
2703	17703
5034	20034
4434	19434
8196	23196
7820	22820
7169	22169
3298	18298
340	15340
386	15386
6550	21550
2261	17261
4598	19598
5591	20591
6318	21318
744	15744
8865	23865
1632	16632
396	15396
4805	19805
2437	17437
9657	24657
9844	24844
9617	24617
7874	22874
4833	19833
7430	22430
915	15915
7054	22054
1809	16809
1689	16689
6581	21581
10312	25312
7927	22927
4403	19403
2654	17654
7389	22389
8095	23095
9543	24543
10251	25251
5167	20167
1627	16627
6281	21281
8511	23511
8052	23052
5602	20602
8788	23788
6828	21828
1242	16242
8859	23859
5479	20479
5538	20538
3004	18004
5700	20700
2191	17191
5314	20314
4243	19243
10454	25454
8165	23165
8200	23200
608	15608
3741	18741
2274	17274
5821	20821
2304	17304
9999	24999
4752	19752
1335	16335
1534	16534
4899	19899
3897	18897
403	15403
2857	17857
10326	25326
6446	21446
6771	21771
6468	21468
834	15834
3950	18950
1855	16855
3052	18052
1542	16542
5006	20006
6494	21494
2370	17370
9861	24861
10468	25468
9158	24158
8317	23317
5329	20329
4736	19736
9148	24148
5935	20935
143	15143
5503	20503
2048	17048
1431	16431
1979	16979
10254	25254
9849	24849
9281	24281
9363	24363
4874	19874
8616	23616
9182	24182
6155	21155
9797	24797
7464	22464
4920	19920
9422	24422
1706	16706
2225	17225
5810	20810
10163	25163
5601	20601
4331	19331
9251	24251
4384	19384
4159	19159
3356	18356
1334	16334
9625	24625
9404	24404
6663	21663
10307	25307
6988	21988
407	15407
9928	24928
9368	24368
15	15015
331	15331
4066	19066
5036	20036
2385	17385
3185	18185
10187	25187
7594	22594
9007	24007
1219	16219
7120	22120
5725	20725
7678	22678
9467	24467
5728	20728
2331	17331
1268	16268
2113	17113
8373	23373
7731	22731
3084	18084
9609	24609
6127	21127
8974	23974
4935	19935
675	15675
2299	17299
4189	19189
7578	22578
3126	18126
7585	22585
6449	21449
7443	22443
7109	22109
797	15797
3592	18592
2518	17518
7522	22522
10231	25231
4701	19701
3565	18565
10212	25212
6237	21237
6862	21862
8793	23793
8867	23867
8148	23148
931	15931
769	15769
5554	20554
8928	23928
3293	18293
1150	16150
7868	22868
3450	18450
2402	17402
4041	19041
916	15916
4263	19263
6693	21693
5094	20094
8581	23581
1156	16156
716	15716
5139	20139
5844	20844
1367	16367
6480	21480
2835	17835
1236	16236
9206	24206
3566	18566
1758	16758
3472	18472
9173	24173
2823	17823
2314	17314
10023	25023
1030	16030
5619	20619
4133	19133
7082	22082
4712	19712
3397	18397
6460	21460
3447	18447
10178	25178
8341	23341
10309	25309
528	15528
2298	17298
8041	23041
6533	21533
7928	22928
6030	21030
8111	23111
9665	24665
7631	22631
1862	16862
1371	16371
9205	24205
366	15366
9586	24586
409	15409
862	15862
9306	24306
4046	19046
3379	18379
536	15536
5004	20004
4223	19223
444	15444
8083	23083
3234	18234
3832	18832
8936	23936
2444	17444
8689	23689
8833	23833
2615	17615
2243	17243
8907	23907
3138	18138
3795	18795
1218	16218
8491	23491
8112	23112
7355	22355
2210	17210
5181	20181
3449	18449
5932	20932
8469	23469
9600	24600
8080	23080
3619	18619
1609	16609
9116	24116
1331	16331
2858	17858
6114	21114
9959	24959
1605	16605
868	15868
835	15835
6820	21820
88	15088
9242	24242
7142	22142
2779	17779
7011	22011
2600	17600
9419	24419
8129	23129
3087	18087
8298	23298
9898	24898
9781	24781
5541	20541
6510	21510
1360	16360
5342	20342
10428	25428
299	15299
276	15276
5697	20697
9577	24577
2658	17658
3049	18049
2668	17668
4799	19799
5211	20211
7805	22805
9171	24171
8796	23796
9282	24282
3688	18688
6563	21563
7133	22133
3773	18773
924	15924
5650	20650
773	15773
9841	24841
736	15736
5336	20336
1980	16980
4285	19285
3899	18899
8078	23078
6526	21526
7248	22248
6926	21926
9005	24005
1961	16961
9807	24807
3870	18870
8177	23177
855	15855
3908	18908
1316	16316
1853	16853
9521	24521
10198	25198
6128	21128
7837	22837
1143	16143
9747	24747
3721	18721
267	15267
5087	20087
1488	16488
3524	18524
7658	22658
2352	17352
9322	24322
985	15985
3891	18891
4698	19698
6705	21705
9616	24616
9152	24152
9909	24909
9852	24852
7571	22571
5028	20028
2166	17166
5750	20750
3935	18935
8929	23929
6170	21170
5113	20113
1409	16409
1092	16092
6136	21136
1185	16185
2397	17397
2430	17430
1779	16779
5093	20093
3818	18818
6845	21845
7880	22880
3715	18715
3278	18278
3355	18355
2183	17183
1446	16446
9547	24547
8324	23324
4394	19394
9324	24324
742	15742
2424	17424
814	15814
3081	18081
3924	18924
2607	17607
9425	24425
489	15489
3717	18717
6426	21426
681	15681
3044	18044
5247	20247
806	15806
150	15150
7348	22348
2925	17925
5185	20185
7040	22040
4941	19941
8418	23418
6815	21815
6830	21830
10416	25416
400	15400
8124	23124
7095	22095
2456	17456
128	15128
2108	17108
2140	17140
9015	24015
9097	24097
1260	16260
1426	16426
6618	21618
2944	17944
1616	16616
6469	21469
4414	19414
9344	24344
432	15432
9410	24410
10060	25060
8693	23693
5909	20909
3232	18232
3474	18474
813	15813
1241	16241
8589	23589
1869	16869
1541	16541
1404	16404
103	15103
5634	20634
6016	21016
1114	16114
1687	16687
3091	18091
6927	21927
7800	22800
3189	18189
1120	16120
9266	24266
3858	18858
565	15565
10410	25410
5270	20270
9373	24373
5179	20179
3433	18433
5957	20957
179	15179
540	15540
3000	18000
9749	24749
8405	23405
5539	20539
4249	19249
10292	25292
5516	20516
1063	16063
8382	23382
7473	22473
7529	22529
4393	19393
5416	20416
5073	20073
6477	21477
5252	20252
344	15344
6416	21416
1470	16470
7132	22132
6632	21632
9714	24714
4519	19519
8791	23791
1380	16380
1272	16272
10113	25113
4809	19809
3417	18417
2885	17885
477	15477
9580	24580
9176	24176
7686	22686
3533	18533
9091	24091
9309	24309
3196	18196
779	15779
3521	18521
10067	25067
5311	20311
593	15593
3966	18966
3825	18825
8999	23999
6552	21552
645	15645
9220	24220
6435	21435
6641	21641
535	15535
10040	25040
5477	20477
9405	24405
2003	17003
5156	20156
510	15510
2558	17558
1932	16932
3875	18875
5308	20308
1056	16056
10064	25064
8721	23721
2111	17111
3737	18737
5464	20464
4063	19063
1142	16142
9595	24595
4345	19345
8092	23092
1766	16766
7354	22354
1166	16166
838	15838
8860	23860
2581	17581
1761	16761
8451	23451
6743	21743
5197	20197
5191	20191
10037	25037
5586	20586
1769	16769
5150	20150
2986	17986
964	15964
8194	23194
4741	19741
9000	24000
7557	22557
9760	24760
6676	21676
3406	18406
2536	17536
5562	20562
10112	25112
3361	18361
1308	16308
1648	16648
9298	24298
7521	22521
6462	21462
2296	17296
2265	17265
6297	21297
9786	24786
1491	16491
2071	17071
8975	23975
4094	19094
6219	21219
1301	16301
5214	20214
8619	23619
4002	19002
729	15729
7629	22629
9323	24323
5902	20902
1550	16550
91	15091
1386	16386
1393	16393
754	15754
9161	24161
8558	23558
1234	16234
5646	20646
10045	25045
3733	18733
3541	18541
7807	22807
9333	24333
7047	22047
488	15488
5386	20386
9399	24399
4380	19380
4521	19521
2466	17466
19	15019
3301	18301
8171	23171
8266	23266
4651	19651
9805	24805
3881	18881
4619	19619
309	15309
3937	18937
7943	22943
214	15214
5279	20279
3242	18242
801	15801
6008	21008
4630	19630
135	15135
4661	19661
3769	18769
10151	25151
1366	16366
5483	20483
7508	22508
5101	20101
6518	21518
5106	20106
9917	24917
6132	21132
1969	16969
4730	19730
4968	19968
242	15242
8824	23824
388	15388
7070	22070
7048	22048
6551	21551
752	15752
8717	23717
2987	17987
5692	20692
3350	18350
2584	17584
676	15676
4827	19827
4811	19811
6037	21037
7704	22704
8562	23562
426	15426
5255	20255
1920	16920
9358	24358
615	15615
8492	23492
9064	24064
5236	20236
5431	20431
6532	21532
1180	16180
2783	17783
7165	22165
5671	20671
5130	20130
4660	19660
639	15639
5663	20663
305	15305
5031	20031
6272	21272
156	15156
375	15375
6277	21277
5809	20809
8189	23189
6894	21894
1122	16122
603	15603
4813	19813
6153	21153
4429	19429
6253	21253
1847	16847
6056	21056
10181	25181
4946	19946
6635	21635
9478	24478
2873	17873
6919	21919
8173	23173
7036	22036
7341	22341
1170	16170
9424	24424
9118	24118
5667	20667
9604	24604
7362	22362
732	15732
2075	17075
10027	25027
660	15660
4637	19637
8241	23241
4614	19614
5789	20789
8532	23532
5365	20365
998	15998
2515	17515
3567	18567
9329	24329
761	15761
7059	22059
815	15815
3470	18470
567	15567
393	15393
9395	24395
6941	21941
2698	17698
4603	19603
8339	23339
257	15257
9035	24035
2428	17428
7383	22383
4103	19103
7493	22493
9408	24408
692	15692
8872	23872
5898	20898
6294	21294
1031	16031
8170	23170
4726	19726
8801	23801
9512	24512
6741	21741
6512	21512
6603	21603
9086	24086
5948	20948
1691	16691
3419	18419
9120	24120
377	15377
7088	22088
10204	25204
4532	19532
8846	23846
8891	23891
2630	17630
9013	24013
4562	19562
8820	23820
2207	17207
7117	22117
3720	18720
10331	25331
10290	25290
5407	20407
1020	16020
9837	24837
4609	19609
4102	19102
1410	16410
3206	18206
1276	16276
8545	23545
5585	20585
2553	17553
9447	24447
6528	21528
6669	21669
7279	22279
6454	21454
3864	18864
2128	17128
4015	19015
2292	17292
8636	23636
4796	19796
4810	19810
4309	19309
6610	21610
3031	18031
6110	21110
10080	25080
2066	17066
5099	20099
7593	22593
8892	23892
5065	20065
1742	16742
5381	20381
7620	22620
2065	17065
4210	19210
4431	19431
9288	24288
8862	23862
6323	21323
4317	19317
9569	24569
3846	18846
8305	23305
587	15587
9442	24442
5892	20892
7474	22474
5494	20494
4225	19225
7513	22513
10346	25346
3469	18469
1363	16363
4742	19742
1278	16278
6527	21527
6282	21282
4021	19021
6790	21790
2110	17110
3238	18238
4725	19725
9869	24869
5293	20293
6511	21511
7028	22028
7002	22002
3471	18471
4863	19863
6562	21562
4852	19852
944	15944
3782	18782
5348	20348
3787	18787
878	15878
435	15435
8829	23829
4322	19322
1726	16726
2524	17524
2927	17927
5613	20613
4108	19108
1196	16196
8226	23226
5275	20275
180	15180
2754	17754
8790	23790
5899	20899
1485	16485
4452	19452
3006	18006
7789	22789
987	15987
9440	24440
2373	17373
3640	18640
6853	21853
4727	19727
2239	17239
4297	19297
1466	16466
10008	25008
3755	18755
3431	18431
7887	22887
6639	21639
1075	16075
1919	16919
7518	22518
6173	21173
2905	17905
1665	16665
9723	24723
4704	19704
8937	23937
6607	21607
2263	17263
825	15825
2540	17540
856	15856
6889	21889
904	15904
2879	17879
10438	25438
10135	25135
6421	21421
4242	19242
2477	17477
5549	20549
4037	19037
7295	22295
4959	19959
8523	23523
9190	24190
9758	24758
664	15664
6096	21096
1556	16556
2901	17901
4459	19459
2278	17278
7983	22983
253	15253
8378	23378
7334	22334
5098	20098
4238	19238
8679	23679
5183	20183
7906	22906
6230	21230
2208	17208
6638	21638
9957	24957
5696	20696
6745	21745
5775	20775
6586	21586
7411	22411
3482	18482
6111	21111
1202	16202
850	15850
8646	23646
9533	24533
8593	23593
1936	16936
273	15273
4560	19560
4759	19759
500	15500
7124	22124
4319	19319
6598	21598
9445	24445
3780	18780
9270	24270
2758	17758
3893	18893
5738	20738
9705	24705
7237	22237
4861	19861
3200	18200
1050	16050
4905	19905
3614	18614
4512	19512
2906	17906
