56	0	88	0
151	0	53	0
97	0	56	1
13	0	104	0
146	1	128	1
25	1	39	1
77	1	144	1
171	1	189	1
135	1	72	1
23	1	112	0
134	0	96	1
49	1	58	0
147	1	19	0
115	0	71	0
146	0	7	0
147	1	53	1
78	1	130	1
116	0	53	0
137	1	120	0
120	0	144	0
171	1	168	0
112	1	123	0
93	1	53	0
51	0	71	1
93	0	130	0
152	1	129	0
191	0	171	1
53	0	56	0
123	0	155	0
0	1	81	0
48	1	123	1
55	1	46	1
25	1	31	0
162	0	139	1
128	1	71	1
128	1	121	0
94	1	90	0
128	1	152	1
179	1	186	1
16	1	140	0
73	0	8	0
30	0	72	0
144	1	86	1
0	0	59	0
168	0	171	1
132	0	152	0
9	1	24	1
133	1	81	1
55	1	95	1
103	1	163	1
2	0	68	0
155	0	20	0
94	1	101	0
72	0	140	0
80	0	130	1
23	1	14	0
73	0	117	1
11	0	13	0
26	0	129	0
147	1	120	1
123	1	48	1
130	1	124	0
96	0	81	0
40	1	48	1
82	0	12	0
161	0	25	0
123	0	4	1
104	0	40	0
55	1	112	1
9	0	91	1
185	1	191	0
129	0	14	1
65	0	63	1
68	1	143	1
70	0	152	0
77	0	42	0
4	0	89	0
97	1	42	0
97	1	116	1
12	0	112	0
97	0	155	1
91	1	80	0
90	0	120	0
96	1	112	1
172	1	191	1
120	0	101	1
14	0	71	1
134	0	102	0
112	1	46	1
144	0	152	1
70	0	116	0
131	0	152	1
81	0	133	1
179	0	178	0
155	1	26	0
65	1	20	0
14	0	82	0
57	0	147	0
20	1	108	0
24	1	39	1
184	1	173	1
11	0	131	0
70	1	118	0
48	0	45	1
26	0	11	0
19	0	152	0
53	0	70	1
159	1	53	1
56	0	112	1
4	1	131	1
96	1	56	0
105	0	57	0
73	1	120	0
95	0	112	1
136	1	128	1
112	1	118	0
189	0	184	1
99	0	81	1
85	0	154	1
14	1	13	0
70	1	129	0
192	1	177	1
131	0	81	0
86	0	44	0
61	1	87	0
12	1	25	0
56	1	81	0
62	0	4	0
81	1	77	1
189	0	175	1
152	0	104	0
14	1	56	0
59	0	72	0
147	1	155	1
40	1	16	1
46	0	37	1
147	0	108	1
87	0	51	0
146	1	44	1
48	1	69	1
57	0	20	0
64	0	130	0
185	1	189	1
110	0	108	1
134	0	53	0
16	1	86	0
72	1	106	0
144	1	16	1
81	0	73	1
119	0	87	0
131	0	11	0
70	1	14	1
44	1	144	0
13	1	120	0
12	0	80	0
94	0	141	0
108	0	153	0
91	1	112	0
56	0	152	0
102	0	134	1
155	0	112	1
13	0	134	1
24	0	72	1
60	1	133	1
94	1	29	1
14	0	103	1
91	0	64	0
36	0	29	0
185	1	170	1
180	1	192	1
93	1	129	0
118	0	81	0
152	0	129	0
14	1	151	0
120	1	147	1
151	1	88	0
4	0	108	1
26	0	70	0
79	0	94	1
161	0	71	0
114	1	53	1
133	1	60	1
56	0	69	0
127	0	112	0
146	1	116	0
151	0	40	0
94	0	63	1
13	0	123	0
99	1	114	1
14	0	114	0
14	0	12	1
128	1	44	1
180	1	171	1
70	0	128	1
112	1	59	0
140	1	157	1
71	1	73	0
143	1	68	1
191	1	184	1
190	1	180	1
35	0	72	1
146	1	136	0
28	0	72	0
171	1	167	1
86	1	161	0
120	0	125	0
110	0	20	0
102	0	13	0
112	1	104	1
44	0	158	0
45	1	99	1
93	0	87	1
87	1	44	0
48	0	56	0
53	0	13	1
189	1	190	1
102	0	56	1
73	1	101	0
2	1	147	0
106	0	86	1
153	1	2	1
36	1	86	1
59	0	104	0
44	0	114	0
147	1	56	1
153	0	86	1
155	1	147	1
53	0	94	0
123	0	131	1
151	0	128	1
2	0	87	1
145	1	116	1
65	0	29	0
17	0	112	1
16	1	72	1
59	1	146	1
44	0	71	0
14	1	37	1
178	0	165	0
134	1	152	1
151	1	11	0
186	0	188	0
44	1	146	1
4	0	153	0
182	1	166	0
104	0	53	0
123	0	81	0
147	0	25	0
56	1	11	0
128	1	157	1
16	1	163	1
72	1	89	0
157	0	129	0
40	0	151	0
178	1	165	0
4	0	110	0
81	0	155	0
168	0	174	1
94	0	152	1
53	0	151	1
137	1	153	0
82	1	161	0
112	0	75	1
112	0	41	0
14	0	18	0
37	1	24	1
124	0	130	1
23	1	103	1
102	1	97	1
190	0	165	1
144	0	151	0
85	0	9	0
97	1	48	0
96	0	40	0
31	0	14	1
82	0	71	0
161	0	82	0
34	0	68	1
147	0	81	1
141	1	8	1
163	1	14	0
155	0	152	0
116	0	152	1
154	1	112	0
60	1	79	1
90	1	110	0
102	1	147	0
131	0	144	0
93	0	85	0
123	1	69	0
112	0	147	0
42	0	0	1
97	0	93	1
35	0	85	0
169	0	183	0
57	0	105	0
59	1	70	1
94	1	133	0
144	0	49	0
44	0	147	0
149	0	16	1
130	0	12	0
152	0	40	0
134	0	152	0
79	1	40	1
191	0	173	1
86	0	25	0
94	0	2	1
12	1	44	0
2	0	25	0
73	1	112	1
167	0	181	1
14	0	149	0
144	0	44	1
72	1	12	1
144	1	159	1
183	0	165	0
11	0	56	0
4	0	155	1
168	0	165	1
97	1	148	1
165	0	183	0
159	1	48	1
53	0	128	1
147	0	57	0
68	0	44	0
73	1	163	0
63	1	94	0
65	0	40	0
73	0	81	0
25	0	86	0
152	0	96	1
72	1	23	1
81	0	122	0
153	0	110	0
4	1	57	0
60	1	116	1
7	0	128	0
134	0	19	0
16	1	112	0
72	1	68	0
18	0	112	0
93	0	2	0
45	0	129	1
114	1	4	1
26	1	102	1
96	1	152	0
174	0	192	1
37	1	73	1
144	0	132	0
29	0	94	1
72	1	147	0
152	0	155	0
49	1	96	0
96	0	37	0
93	0	23	1
158	0	161	0
81	0	131	1
155	1	4	0
95	1	117	1
4	1	144	0
112	0	115	0
49	0	144	0
82	1	6	1
14	0	72	0
128	1	20	0
179	1	171	1
71	1	51	0
130	0	44	0
121	0	22	0
174	1	192	1
165	1	181	1
23	0	25	0
59	0	40	0
70	1	146	1
192	1	174	0
130	1	154	1
0	0	104	0
40	1	79	1
151	0	97	0
166	0	165	0
117	1	20	0
2	0	23	1
72	0	56	1
94	1	86	1
189	0	190	1
187	1	191	1
152	0	53	0
40	0	11	0
89	1	97	1
114	0	112	0
165	1	184	0
192	1	187	1
152	1	134	0
48	0	0	1
53	0	65	0
56	0	57	0
190	1	185	1
65	1	90	1
163	1	149	0
96	1	17	0
20	0	137	1
12	1	35	0
116	0	97	0
2	0	12	1
110	0	125	1
144	0	93	1
121	0	146	1
134	0	128	1
183	0	184	0
72	1	25	0
81	0	120	1
110	1	45	0
22	1	121	1
19	0	14	1
44	1	37	1
53	0	116	0
108	0	79	0
0	1	99	1
147	0	102	1
147	0	4	0
75	0	161	0
185	1	187	1
94	1	110	0
144	0	72	0
137	0	79	0
112	1	155	0
111	0	112	0
24	1	73	0
44	0	41	0
14	1	128	1
110	1	126	1
178	1	184	0
118	1	19	1
176	0	180	0
53	0	152	0
123	0	59	0
95	0	55	1
62	0	120	0
180	1	186	1
120	0	63	1
17	0	117	1
62	0	153	1
163	0	128	1
11	0	81	0
164	0	41	1
152	0	157	1
38	0	34	1
184	0	182	1
96	1	151	0
13	0	129	0
128	1	22	1
180	1	173	1
154	1	130	1
68	1	91	1
72	1	158	0
93	1	123	0
152	0	134	1
40	0	94	0
93	0	72	0
152	1	25	1
9	1	73	1
42	0	81	1
102	0	11	0
120	0	153	1
14	0	85	0
60	1	81	1
99	0	11	1
70	0	56	0
190	0	168	1
40	0	13	1
37	0	49	1
134	1	26	0
192	1	189	0
39	1	81	0
151	0	116	0
79	0	137	0
190	1	191	0
166	0	176	1
96	1	49	0
129	0	152	1
86	1	120	1
128	1	112	1
171	1	186	1
2	1	153	0
59	1	129	0
131	1	4	1
112	1	13	1
14	1	52	1
73	0	17	0
72	1	57	0
165	1	173	0
78	0	12	0
134	1	53	0
120	1	86	1
88	0	151	1
44	1	39	0
0	0	112	1
108	0	73	1
158	0	75	0
116	0	118	0
102	0	151	1
87	0	85	0
108	1	89	0
144	0	104	0
72	0	147	0
72	1	4	0
11	0	4	1
88	0	97	0
4	0	147	0
89	0	108	1
19	0	59	0
152	1	65	0
133	1	77	1
8	0	20	1
161	0	16	1
55	1	73	0
177	1	191	0
106	0	2	1
36	1	130	1
81	0	96	0
126	0	70	0
86	0	163	1
152	1	14	1
153	0	4	0
133	1	48	0
151	0	44	1
90	0	65	1
145	1	152	1
94	1	36	0
36	0	4	0
77	0	116	1
99	0	0	1
33	0	86	1
14	1	152	0
18	0	86	0
173	1	191	0
96	0	112	1
40	1	81	0
186	1	185	1
181	1	166	0
4	1	102	0
189	1	175	1
20	0	123	0
49	0	163	0
116	0	146	1
137	1	65	1
14	0	91	1
129	0	9	1
72	0	26	0
59	1	53	0
175	1	189	1
16	1	23	1
176	1	175	0
112	1	48	0
131	1	57	0
24	1	46	0
149	0	103	1
145	0	152	1
71	0	115	0
11	0	152	0
19	0	129	0
159	1	144	1
151	0	20	0
20	0	14	1
82	0	161	0
20	0	40	0
65	1	120	0
97	0	57	0
96	1	81	0
48	1	116	1
104	1	102	0
69	0	53	1
20	1	120	0
144	0	59	0
44	0	149	0
153	1	62	0
70	0	53	0
120	1	118	1
85	0	71	1
37	0	96	1
53	1	69	1
81	0	56	1
156	1	121	0
191	0	167	1
95	1	112	1
8	0	73	0
174	0	180	1
73	1	108	0
14	0	147	0
104	1	53	0
24	0	55	0
179	1	174	1
99	0	69	1
120	1	97	1
23	0	86	0
93	0	161	0
5	1	117	1
4	1	14	1
117	1	95	0
53	0	134	1
35	0	9	0
133	0	90	1
2	0	112	0
95	0	17	0
73	0	9	1
72	1	115	0
72	1	17	1
26	0	155	1
81	0	102	1
170	1	192	1
147	1	108	1
66	0	70	0
40	0	147	1
114	1	123	1
87	0	61	1
133	0	79	0
94	1	4	0
144	0	147	1
183	1	165	0
173	1	189	1
86	0	158	0
26	0	97	0
97	1	120	1
87	1	161	0
12	0	124	0
34	0	72	0
155	1	81	0
108	0	133	0
61	0	87	0
185	1	190	1
94	1	49	1
17	0	49	0
68	1	72	0
16	1	9	0
85	1	163	1
78	0	130	1
23	0	44	0
191	0	188	1
152	1	38	0
13	1	57	0
87	1	86	0
133	1	40	1
87	0	161	0
60	1	0	1
162	0	35	1
98	0	112	0
73	1	65	1
120	0	100	0
72	0	7	0
21	0	112	0
36	0	94	0
136	0	146	1
143	1	80	1
149	0	72	0
85	0	103	1
40	0	56	0
84	1	3	1
11	0	151	0
70	1	152	1
81	0	24	1
101	1	120	0
97	1	133	1
53	0	20	0
117	1	44	1
4	1	159	1
29	1	94	1
13	0	24	1
12	1	86	0
169	0	184	0
68	1	34	0
20	1	79	0
77	0	81	1
175	0	166	0
71	1	40	1
187	1	185	1
102	1	129	1
165	1	190	0
39	1	123	0
168	1	174	0
169	0	165	1
56	1	69	0
185	1	192	1
65	0	20	1
94	1	89	0
112	1	73	0
2	1	94	1
81	0	70	1
123	1	4	1
13	1	146	1
97	1	77	0
97	1	99	1
44	1	73	0
52	1	112	1
38	0	96	0
94	0	86	1
56	1	48	0
128	1	117	1
94	1	100	0
188	1	165	1
144	0	112	1
81	1	110	1
89	1	53	1
59	0	73	1
36	1	85	1
81	0	93	1
87	0	18	0
184	0	165	0
163	1	72	0
95	0	9	1
73	0	71	1
71	1	128	0
118	0	59	1
85	0	16	1
110	1	99	1
14	1	24	1
4	0	90	0
13	1	55	1
161	0	75	0
184	0	176	1
162	0	3	1
129	0	26	0
25	1	128	1
185	0	190	0
71	1	55	1
71	1	85	0
25	0	23	1
93	1	97	0
152	0	128	1
191	1	180	1
33	0	94	0
192	1	170	1
115	0	72	1
152	1	53	0
86	0	71	0
56	0	102	0
151	0	11	0
94	0	62	0
146	1	117	1
103	1	91	1
112	0	72	1
57	0	112	1
148	0	53	0
73	1	14	1
129	0	53	0
112	1	26	0
114	0	86	0
157	0	116	0
71	0	154	0
86	0	112	0
104	0	144	0
151	0	126	0
53	0	39	0
0	1	48	0
112	0	135	0
9	0	161	0
86	1	128	0
129	0	96	0
104	1	0	0
110	0	53	0
179	1	189	0
25	0	147	0
163	0	95	1
157	1	152	0
81	1	147	0
149	0	14	0
174	1	180	1
101	1	62	0
81	0	38	1
13	1	144	0
186	0	165	1
19	0	40	1
53	0	104	1
53	0	74	0
0	1	77	1
13	0	0	0
141	1	89	1
39	0	152	0
57	0	40	0
70	0	14	1
72	1	30	0
147	1	123	0
131	0	93	1
48	0	151	1
9	1	40	0
20	0	155	0
86	1	12	1
3	1	162	0
56	1	93	1
85	1	36	1
128	1	163	0
116	1	77	1
72	0	152	1
112	1	144	0
24	1	112	1
11	0	123	0
53	1	19	0
152	1	102	0
97	0	152	0
101	0	4	0
147	0	120	0
53	0	131	1
163	1	23	1
112	0	61	0
155	0	81	0
184	0	178	0
116	1	60	1
120	0	2	1
120	0	36	0
144	0	155	0
71	1	87	1
99	0	56	0
118	0	112	1
88	0	53	0
4	0	79	0
12	0	68	1
9	1	129	0
56	0	70	0
20	0	125	0
180	0	165	1
97	0	116	0
140	0	14	0
133	0	137	0
120	0	81	0
128	1	13	0
23	1	68	1
176	1	169	0
184	1	174	0
173	1	184	1
158	0	149	0
40	1	118	0
140	0	35	0
73	1	89	0
20	1	147	1
128	1	56	0
68	1	23	1
179	1	191	1
112	1	55	1
51	0	87	0
85	0	91	0
184	1	187	1
191	0	185	1
40	1	99	1
53	0	72	1
78	1	91	1
101	0	108	1
168	1	189	0
86	1	147	0
57	0	72	0
129	0	93	1
112	1	70	1
179	1	168	1
59	1	152	0
45	1	53	1
137	0	133	0
14	1	31	0
165	1	182	1
133	1	99	1
87	0	82	0
102	0	104	0
72	0	154	0
153	1	108	1
73	0	101	0
112	1	146	1
41	1	164	0
152	0	118	0
59	0	70	0
144	1	81	0
122	0	40	0
182	1	165	0
152	1	70	0
186	1	168	1
46	0	55	1
46	0	17	0
4	1	53	0
53	0	129	0
146	1	0	0
61	0	72	1
163	1	85	0
108	1	101	0
172	1	186	1
9	0	75	0
8	1	141	1
120	0	4	0
65	0	41	1
16	1	68	0
144	0	157	1
81	1	42	0
25	0	87	1
11	0	72	1
118	0	144	1
26	0	134	1
40	0	152	0
131	0	57	0
151	1	57	0
97	1	102	1
4	0	73	1
48	0	81	1
161	0	68	1
4	1	88	0
129	1	133	1
91	1	78	0
68	0	82	0
185	1	180	1
69	0	4	1
120	0	49	0
85	1	90	1
17	0	25	1
93	1	147	0
50	1	144	0
70	1	53	0
81	0	151	1
26	0	72	0
87	1	88	0
82	0	68	0
51	1	71	1
103	1	14	0
129	0	70	1
50	0	53	0
120	0	94	0
14	0	30	1
180	1	185	1
55	0	58	0
184	1	189	0
191	1	174	1
131	0	147	0
0	0	157	0
192	1	180	1
19	0	134	0
9	1	95	0
190	1	166	1
166	0	169	0
129	1	110	1
128	0	130	1
56	1	147	0
105	0	11	0
72	0	12	1
20	1	65	0
121	1	128	1
144	0	50	0
163	0	46	1
166	1	190	1
73	0	24	1
73	0	58	0
93	1	56	0
165	1	180	0
147	1	93	1
192	1	175	1
89	0	4	0
19	0	147	1
5	0	24	1
69	1	48	0
112	0	161	0
103	1	112	0
87	0	114	0
155	0	4	1
37	1	128	1
14	0	154	0
171	1	174	1
157	1	128	1
25	0	72	1
39	1	112	1
130	1	78	0
152	1	72	1
8	0	63	1
53	0	96	0
44	1	49	1
9	1	53	0
147	0	26	1
147	0	56	0
94	0	108	1
87	0	71	1
112	0	31	1
140	0	91	1
185	1	175	1
35	0	14	0
62	0	65	1
12	1	2	0
110	0	94	1
85	1	55	0
44	0	23	1
14	1	55	1
25	0	85	0
174	1	185	1
26	0	132	0
88	0	87	1
44	1	128	1
144	1	110	1
93	0	12	1
81	0	152	1
23	0	130	0
53	0	117	1
114	1	48	1
176	0	184	0
53	0	148	0
101	0	73	1
68	0	16	1
155	1	123	0
68	0	114	0
155	1	93	1
39	0	81	0
61	0	125	0
17	0	31	0
68	1	162	0
16	1	81	1
72	1	71	0
152	0	145	1
14	1	129	0
120	1	129	1
126	0	122	0
152	1	0	0
40	1	88	1
123	0	26	0
68	0	71	0
146	1	70	0
77	1	116	1
155	0	123	0
96	1	155	0
73	1	63	1
120	0	62	0
16	1	14	0
70	0	146	1
99	0	116	1
72	1	146	0
71	1	95	0
24	1	117	1
40	0	112	1
96	0	38	0
181	1	178	0
56	0	96	0
151	0	13	0
4	1	147	0
72	0	14	0
58	0	49	0
71	1	44	0
125	0	153	0
14	1	95	0
40	0	63	0
100	0	79	0
191	0	174	0
48	0	116	1
87	1	2	0
26	1	157	0
56	0	13	0
1	0	70	0
151	0	96	0
79	0	133	0
55	1	13	1
96	1	37	0
120	0	152	0
72	0	91	0
59	1	118	0
57	0	123	0
73	0	37	0
36	1	100	1
165	1	185	0
81	0	44	1
0	0	70	0
123	0	147	0
117	1	24	1
57	0	4	1
95	0	24	1
128	1	95	1
59	1	128	1
14	1	53	0
72	1	24	0
174	1	191	0
44	0	85	0
81	0	59	1
4	0	137	1
75	1	112	0
91	1	14	0
86	1	10	1
102	0	112	1
9	0	86	0
56	1	57	0
110	0	137	0
46	1	112	1
144	0	73	0
108	1	120	0
45	1	48	1
44	0	72	1
99	0	133	1
58	1	72	0
131	0	4	0
130	1	18	1
153	0	120	0
152	1	96	0
168	0	188	1
147	1	161	0
34	0	65	1
97	0	134	0
56	0	147	0
147	0	114	0
86	1	33	1
61	0	112	0
134	0	13	0
77	0	0	1
102	1	81	0
70	0	144	0
112	1	151	1
4	0	65	0
70	1	0	0
48	0	123	1
12	0	78	1
154	0	85	0
146	1	121	0
146	1	152	1
129	0	19	0
46	1	14	1
16	1	61	0
176	1	179	0
157	0	120	1
93	0	71	0
191	0	168	1
18	1	130	1
79	0	100	0
126	1	129	1
0	1	60	1
4	1	134	0
189	1	174	0
49	0	96	1
65	1	108	0
94	0	33	0
3	1	34	0
117	1	53	0
167	0	176	1
57	0	155	0
72	0	59	0
179	1	185	1
112	1	19	0
112	1	49	1
131	1	26	0
170	1	185	1
44	0	161	0
191	1	192	1
53	1	147	0
147	1	40	0
191	0	179	1
56	0	26	0
65	1	89	0
17	1	28	0
174	0	168	1
188	0	190	0
69	0	144	1
86	1	153	0
128	1	81	0
167	0	165	0
112	1	110	0
178	0	181	1
72	1	56	0
31	1	72	0
44	0	87	1
81	0	57	0
88	1	40	1
158	0	72	0
190	1	171	1
8	0	72	1
85	1	24	0
17	0	95	0
121	0	156	1
137	0	110	0
152	0	14	1
72	1	7	0
72	1	37	1
26	0	151	1
123	1	40	1
34	0	128	0
13	1	95	0
186	1	174	1
96	0	73	0
20	0	128	1
86	1	65	1
99	1	0	1
65	0	53	0
33	1	86	1
72	0	161	0
144	0	70	0
81	1	48	0
2	1	65	1
72	1	82	0
36	1	65	1
151	1	93	1
58	1	125	1
49	1	128	1
144	1	118	0
86	0	130	0
14	1	146	1
81	0	134	1
49	1	71	1
9	1	157	1
155	1	69	0
151	0	147	1
97	0	112	1
146	1	59	1
96	1	104	1
65	1	49	1
20	1	130	1
69	0	26	1
117	0	17	1
180	1	174	0
90	1	94	1
137	0	4	0
85	0	14	0
18	0	87	0
144	1	99	1
41	0	72	0
152	1	26	0
181	1	167	0
4	1	97	0
20	0	4	0
35	0	130	0
49	0	128	1
44	0	163	1
72	1	140	0
24	1	49	0
62	1	101	0
79	1	126	1
11	0	155	0
48	0	99	0
53	0	0	0
97	0	56	0
112	0	158	0
129	0	89	0
57	0	102	0
171	1	189	0
129	0	59	1
128	1	49	0
112	1	96	1
72	1	58	1
59	0	53	0
0	0	146	1
71	0	103	1
157	0	0	0
147	1	53	0
114	1	144	1
9	0	149	0
108	1	153	1
57	0	81	0
72	0	117	0
16	1	147	0
40	0	4	1
80	1	12	0
78	1	143	1
123	0	155	1
147	0	20	1
128	0	86	1
168	1	175	1
24	0	71	1
128	1	121	1
94	1	120	0
72	0	163	1
144	0	4	1
128	1	152	0
120	1	79	1
72	1	114	0
120	1	144	1
30	0	72	1
132	0	152	1
133	1	81	0
147	0	97	0
55	1	95	0
180	1	168	1
14	0	41	0
17	0	71	1
93	1	151	1
81	1	45	0
16	1	91	1
125	0	120	0
44	0	12	0
89	1	86	1
11	0	13	1
120	1	157	0
151	1	48	0
70	1	19	0
81	0	147	0
181	1	165	1
79	0	36	0
123	0	4	0
42	0	48	0
61	0	86	0
116	0	157	0
154	1	85	0
180	1	189	0
46	1	117	1
37	1	46	0
23	1	93	0
70	0	152	1
143	1	78	0
18	0	72	0
144	1	48	0
71	0	82	0
179	0	169	0
96	0	14	1
13	1	24	1
86	0	75	0
53	0	14	1
166	0	181	1
91	1	80	1
42	0	99	1
97	0	88	0
61	0	9	0
155	0	144	0
13	0	102	0
102	0	59	1
25	1	37	1
171	1	191	1
129	0	57	0
120	0	101	0
128	1	17	0
58	0	55	0
112	1	46	0
162	1	112	1
63	0	72	0
85	0	68	0
40	0	57	0
4	0	8	0
131	0	152	0
23	0	2	0
31	0	25	1
26	1	147	0
20	0	62	0
97	0	11	0
13	0	57	0
64	0	12	1
57	0	147	1
124	1	143	1
134	0	144	0
81	1	133	1
174	1	168	1
59	0	0	0
31	1	93	0
81	0	20	0
11	0	131	1
152	1	131	0
44	1	53	0
9	1	49	1
53	0	70	0
158	0	85	0
161	0	147	1
49	0	59	0
64	0	91	0
34	1	14	1
104	1	1	1
110	0	90	0
72	0	131	1
130	0	87	1
73	0	108	1
85	0	154	0
88	0	144	0
72	1	18	0
14	1	13	1
120	1	81	0
81	0	39	0
4	0	131	1
57	1	159	1
89	0	94	1
168	0	173	1
8	0	4	0
105	1	53	0
161	0	44	0
20	0	151	0
3	1	84	1
99	1	81	1
120	0	13	1
128	1	151	0
16	1	93	0
130	0	76	1
112	1	134	1
73	0	89	0
81	1	77	0
99	0	159	1
187	1	192	1
72	1	31	1
144	1	69	0
153	0	20	1
87	1	130	0
79	0	4	0
117	1	146	0
147	0	108	0
140	0	103	1
185	1	189	0
8	1	97	1
23	1	61	0
151	1	69	0
48	0	69	1
186	1	171	1
12	0	80	1
96	1	144	0
13	0	134	0
162	0	68	1
71	1	86	0
99	0	57	1
40	0	59	1
14	1	151	1
70	1	59	1
86	0	68	0
161	0	71	1
9	1	128	1
4	1	152	0
163	1	35	0
174	0	185	1
28	0	117	0
46	1	17	0
72	0	53	0
72	0	87	1
20	1	110	0
141	0	65	0
85	0	87	0
18	0	14	0
14	1	96	0
114	0	87	0
70	1	116	0
49	1	53	0
87	1	25	0
86	0	23	1
71	0	149	0
56	0	20	0
158	0	91	1
35	0	72	0
120	0	159	0
110	0	20	1
141	0	20	0
179	1	190	0
112	1	104	0
130	0	25	0
71	1	30	1
45	1	99	0
14	1	19	0
11	0	50	1
93	0	147	0
45	0	110	1
192	1	179	1
44	1	40	0
48	0	56	1
86	0	12	1
53	0	73	0
11	1	159	1
2	1	147	1
189	0	173	1
166	1	185	1
137	0	100	0
81	0	112	1
182	1	169	0
168	0	184	0
155	1	147	0
61	0	149	0
68	0	25	0
91	1	103	1
17	1	161	1
57	0	26	0
2	0	87	0
16	1	72	0
183	1	181	1
71	1	161	0
24	1	81	0
134	1	152	0
131	0	13	0
4	0	123	0
71	0	18	0
12	0	82	0
147	0	123	0
91	1	16	1
133	0	100	0
108	1	4	0
185	1	168	1
23	1	16	1
118	0	53	1
73	0	144	0
152	0	131	0
49	1	120	0
13	1	11	0
81	0	155	1
179	0	182	1
4	1	123	0
57	1	99	0
161	0	103	1
7	1	81	0
112	0	75	0
99	1	116	1
9	0	23	1
20	1	137	0
128	1	46	1
25	1	146	1
134	0	81	0
58	0	24	0
118	0	0	0
24	1	9	1
40	0	70	0
192	1	184	1
97	1	48	1
56	0	116	0
94	0	40	0
180	0	169	0
90	0	94	1
97	0	4	1
72	0	34	0
128	1	25	1
128	1	59	0
91	0	44	0
175	0	182	1
112	1	106	1
71	1	24	0
73	0	44	1
114	0	72	0
147	1	81	1
129	1	45	0
168	1	188	0
137	1	20	0
169	0	183	1
36	0	133	0
81	1	99	1
134	0	152	1
157	1	140	1
53	1	45	1
123	1	114	1
108	0	65	1
56	0	44	1
101	0	62	1
147	0	44	0
12	1	14	0
35	0	2	0
83	0	128	1
144	0	96	0
144	0	14	1
19	1	147	1
81	1	120	1
71	1	163	1
174	1	173	1
53	1	48	0
144	1	114	1
4	0	101	1
11	0	26	0
114	0	16	1
165	0	183	1
48	0	133	1
46	0	112	1
68	0	14	0
184	0	181	1
163	1	86	0
63	1	120	0
185	1	174	0
16	1	71	0
153	1	94	1
2	1	120	0
63	0	40	0
11	0	105	0
191	1	177	1
144	1	77	1
152	1	116	0
82	0	112	0
146	1	112	1
116	0	151	0
128	1	14	1
25	1	144	0
170	0	192	1
93	1	144	0
65	0	152	1
190	0	171	1
152	0	144	0
14	1	70	1
85	0	23	0
79	1	144	1
118	1	81	1
97	1	16	1
86	0	87	1
53	0	4	1
104	0	81	0
151	0	57	0
14	0	163	1
37	1	73	0
73	1	24	1
73	1	62	0
171	1	185	1
72	0	2	0
176	1	167	0
112	1	40	0
29	0	94	0
5	1	24	1
157	0	4	1
87	1	14	0
12	0	41	0
155	1	4	1
161	0	140	0
128	0	71	1
112	0	149	0
86	1	144	1
129	0	112	1
35	0	87	0
14	0	72	1
46	1	9	1
112	1	37	1
93	1	57	0
120	1	126	1
134	1	13	0
191	0	175	1
147	1	26	1
1	1	112	1
0	0	104	1
87	1	35	0
101	0	94	1
159	0	120	0
9	0	158	0
57	0	56	1
2	0	23	0
188	0	168	1
144	0	0	0
29	0	36	0
19	1	81	0
73	0	4	0
187	1	191	0
72	1	44	0
114	0	14	0
53	1	114	1
153	0	65	0
38	0	13	1
97	1	72	0
20	0	137	0
133	0	36	0
2	0	72	0
57	0	39	1
9	0	72	1
110	0	125	0
189	0	179	1
28	1	17	1
112	1	128	1
178	0	182	1
118	0	151	0
58	1	68	0
151	1	26	0
81	0	120	0
130	1	30	1
0	0	20	0
22	1	156	1
19	0	112	1
153	0	108	0
158	0	9	0
0	1	133	1
147	0	72	1
26	1	19	0
53	0	147	0
17	1	72	1
147	0	102	0
49	0	9	1
122	1	40	1
144	0	72	1
16	1	114	0
99	0	40	1
24	1	73	1
144	1	60	1
53	1	8	1
73	0	163	0
40	0	134	0
81	0	148	0
161	0	86	1
161	0	112	0
133	1	45	0
132	0	53	0
99	1	133	1
62	0	153	0
144	0	134	0
72	1	149	0
184	1	190	1
122	0	144	0
71	0	75	0
134	1	112	1
81	0	129	1
173	1	168	0
181	1	179	0
132	0	26	0
56	0	97	0
94	0	53	0
163	1	61	0
99	1	110	1
148	0	40	0
120	0	108	0
128	1	22	0
144	0	53	1
179	1	173	1
114	0	93	0
106	1	3	1
152	1	59	1
9	1	73	0
151	0	99	0
95	1	24	1
40	1	144	0
129	1	120	1
126	1	97	1
112	0	130	0
61	0	23	1
120	0	153	0
72	0	58	1
121	1	146	1
145	1	42	1
131	1	123	0
44	0	130	0
131	1	93	1
71	1	2	0
152	0	25	1
72	1	46	1
144	1	147	0
112	1	84	1
40	0	13	0
45	0	116	1
81	0	13	0
192	1	189	1
96	0	129	0
190	1	191	1
125	1	110	0
129	0	152	0
133	0	4	0
86	1	94	1
137	1	108	1
104	1	40	0
188	1	168	0
131	1	72	0
2	1	153	1
130	0	112	0
88	0	151	0
44	0	86	0
99	0	155	0
26	0	131	1
44	1	39	1
147	1	151	1
108	0	73	0
165	0	184	0
102	0	151	0
2	0	93	0
9	0	85	0
25	1	81	0
77	1	0	1
94	1	108	0
11	1	114	1
144	0	104	1
152	0	81	0
112	1	157	0
58	1	87	0
4	0	125	0
19	0	59	1
4	1	72	1
133	1	77	0
46	0	14	1
91	1	124	0
147	0	19	1
185	1	166	1
120	0	65	1
14	0	61	0
125	0	68	0
149	0	140	0
99	0	53	0
191	1	171	1
179	0	176	1
82	0	86	0
114	1	57	1
56	0	99	1
133	1	48	1
151	0	14	1
129	1	99	1
112	0	85	0
95	0	128	1
8	1	53	1
104	1	112	1
72	1	128	0
118	0	40	1
149	0	112	0
151	1	147	1
191	1	188	1
70	1	112	1
26	0	13	1
128	0	146	0
112	0	64	1
112	0	98	0
12	1	72	1
14	0	91	0
175	1	189	0
145	0	152	0
53	1	144	0
192	1	191	0
92	1	81	0
89	0	20	1
104	0	152	0
151	0	118	0
190	1	189	0
166	0	182	1
180	0	182	1
102	0	4	1
20	1	90	0
112	1	97	0
106	0	72	0
157	1	144	0
120	1	118	0
72	1	59	0
165	1	171	0
23	0	93	0
53	1	69	0
37	0	96	0
14	1	20	0
71	0	161	0
81	0	56	0
53	0	112	1
38	0	120	0
39	0	144	0
48	1	97	1
73	1	108	1
95	0	14	1
56	1	88	0
188	1	191	0
72	0	149	0
178	0	169	0
174	1	171	1
81	0	53	1
39	1	53	0
53	0	134	0
155	1	105	0
75	0	158	0
133	0	90	0
108	1	110	0
62	0	94	0
93	1	131	1
19	1	118	1
152	0	94	0
25	0	114	0
72	1	85	0
26	0	155	0
79	1	97	1
40	0	117	1
130	1	36	1
40	0	147	0
117	1	128	1
95	1	55	1
187	0	165	1
68	0	85	0
177	1	168	1
112	0	87	1
73	1	9	1
77	1	133	1
2	0	130	0
144	0	147	0
24	1	5	0
151	1	81	0
40	0	96	0
173	1	189	0
12	0	124	1
34	0	72	1
189	1	173	1
91	1	68	1
35	0	163	1
46	1	24	1
57	0	152	1
72	0	28	0
17	0	49	1
175	1	191	1
133	0	147	1
99	0	45	1
85	0	112	0
0	0	152	0
23	0	14	0
123	1	99	1
87	1	112	0
1	0	86	1
56	0	123	0
151	0	112	1
166	0	180	0
180	0	176	0
168	1	184	1
97	0	63	0
12	1	93	0
169	0	179	0
171	1	190	0
72	0	41	0
17	0	128	1
36	0	94	1
36	0	120	0
65	0	108	1
163	0	73	0
63	0	73	1
40	0	56	1
11	0	151	1
157	0	97	1
147	1	20	1
70	1	152	0
130	1	128	0
53	0	50	0
56	0	40	0
151	0	69	0
65	1	137	1
147	0	40	1
87	0	119	0
25	1	17	0
7	0	34	0
72	0	151	1
144	0	40	1
59	1	144	0
14	1	39	0
183	0	169	0
120	1	99	1
86	0	16	1
94	0	73	0
147	0	53	0
20	0	131	0
86	1	36	1
77	1	81	1
57	0	93	1
155	0	26	0
17	0	73	0
112	1	73	1
130	0	86	0
125	0	4	0
16	1	161	0
2	1	94	0
187	1	180	1
118	0	157	0
45	1	66	1
81	0	70	0
152	0	126	0
189	0	185	1
79	1	129	1
44	1	73	1
97	1	99	0
66	1	53	1
13	1	81	0
152	1	112	1
123	0	40	0
87	0	25	0
17	1	149	1
112	0	21	0
97	1	126	1
45	0	133	1
154	0	71	0
20	0	101	0
90	0	20	1
13	0	112	1
61	0	85	0
163	1	72	1
99	1	159	1
129	0	13	0
36	0	85	1
91	0	86	0
112	1	52	1
71	1	128	1
70	0	126	0
152	0	151	0
151	1	102	0
118	0	59	0
4	0	36	0
173	1	174	0
191	0	190	1
152	1	40	0
62	1	4	0
95	1	9	1
117	1	5	1
55	1	128	1
112	0	127	0
174	0	173	1
73	1	71	1
14	0	68	0
72	0	9	0
124	1	91	1
71	1	55	0
149	0	86	0
37	0	14	1
53	1	99	1
192	1	170	0
115	0	72	0
179	0	181	1
69	1	53	1
129	1	102	1
46	0	163	0
13	0	56	0
120	0	147	0
73	1	44	1
20	1	73	0
149	0	91	1
165	1	188	0
23	0	112	0
81	0	11	0
53	1	118	0
53	0	69	0
56	0	53	0
151	0	88	0
53	0	39	1
49	0	24	1
150	1	112	0
13	0	11	0
49	0	58	0
69	0	151	0
46	1	163	0
175	0	181	1
137	0	120	0
72	1	51	1
145	0	81	0
147	1	112	0
45	0	81	1
89	0	63	0
53	0	104	0
133	1	144	1
61	0	163	1
91	1	9	0
49	0	55	1
112	0	23	1
20	0	144	0
24	0	85	1
108	1	125	0
117	0	28	1
62	0	73	1
157	1	9	1
23	1	9	0
25	0	93	0
11	0	96	1
126	0	81	0
81	0	144	1
19	0	53	1
48	0	151	0
40	1	19	0
97	0	131	0
146	1	13	1
112	0	2	0
171	1	192	1
96	1	134	1
149	1	117	0
180	1	190	1
44	0	2	0
71	1	130	0
191	1	173	1
110	1	97	1
144	1	19	0
74	0	53	0
93	0	25	0
158	0	163	1
181	1	183	1
56	0	93	1
117	1	37	1
154	0	72	0
65	1	62	0
184	0	178	1
20	1	133	0
46	1	71	1
71	1	49	1
71	1	87	0
72	1	154	0
99	0	26	0
190	0	185	0
192	1	172	1
13	1	40	0
179	0	183	0
19	0	144	1
38	0	152	0
159	1	99	1
189	1	179	1
65	1	73	1
117	1	40	0
180	0	165	0
4	1	155	0
12	1	112	0
59	1	81	0
68	1	12	0
128	1	13	1
72	1	135	1
40	0	9	1
134	1	102	0
53	0	7	1
48	1	159	1
101	0	153	0
189	1	168	1
129	1	81	0
87	0	68	1
103	1	72	0
86	1	100	1
2	0	14	0
14	0	130	0
20	1	62	1
179	1	191	0
144	0	39	0
94	1	153	1
28	1	117	0
85	0	91	1
24	1	152	1
72	1	53	0
53	1	89	1
174	1	186	1
152	1	145	0
100	0	4	0
130	1	68	1
86	0	35	0
59	0	112	1
53	0	72	0
96	0	152	0
158	0	71	0
0	1	79	1
68	0	23	1
100	1	86	1
61	0	161	0
49	0	53	0
128	0	68	1
86	1	147	1
146	1	22	1
147	0	2	1
163	1	158	0
168	1	189	1
102	0	147	1
112	1	70	0
59	1	152	1
37	0	73	0
144	1	133	1
183	0	179	0
161	1	72	1
49	1	144	0
44	1	152	1
131	0	97	0
9	1	46	0
53	0	93	1
133	1	99	0
87	0	12	0
102	0	104	1
144	0	65	0
116	1	79	1
134	0	40	0
125	0	72	1
137	0	20	1
45	1	40	1
4	0	100	0
182	1	165	1
178	1	175	0
152	1	104	0
99	1	40	1
120	0	38	0
175	1	192	1
71	1	81	1
143	1	124	0
11	0	72	0
152	0	132	0
40	0	122	0
40	0	152	1
4	0	73	0
97	1	4	1
86	0	91	1
161	0	68	0
91	1	78	1
97	0	74	0
99	1	151	0
14	0	87	1
62	0	108	1
91	0	112	0
134	0	112	1
65	0	153	0
131	1	53	0
71	1	68	0
126	0	56	0
157	0	112	1
26	0	72	1
79	0	108	0
166	0	178	0
154	0	14	0
125	1	20	0
129	0	70	0
124	0	12	0
120	0	94	1
72	0	35	0
37	1	72	1
144	0	25	1
170	0	177	1
112	1	11	0
29	0	125	0
24	1	55	1
149	0	44	0
184	1	189	1
40	0	20	0
131	0	147	1
81	0	4	1
93	0	114	0
191	0	187	1
44	1	11	0
42	0	77	0
94	0	20	1
168	1	191	0
56	1	147	1
57	0	44	1
72	0	112	0
128	1	55	1
144	0	20	0
144	0	50	1
128	1	136	1
112	1	102	0
22	0	128	1
85	0	140	0
163	0	46	0
93	1	56	1
152	0	11	0
81	0	49	0
13	1	131	0
81	0	19	1
126	0	145	0
89	0	72	1
86	0	30	1
133	1	97	1
69	1	48	1
64	0	68	1
133	0	94	1
87	0	44	0
152	0	120	0
25	0	72	0
131	0	14	1
13	1	117	1
152	1	72	0
79	0	20	1
22	1	128	1
94	0	144	0
69	1	99	0
161	0	9	0
172	1	180	1
86	1	89	1
99	1	42	0
162	0	65	1
62	0	65	0
144	0	92	1
183	1	169	0
112	1	129	0
44	0	23	0
24	1	95	0
118	0	116	0
85	0	35	0
144	1	0	1
86	0	154	0
81	0	152	0
87	1	71	1
114	1	48	0
89	0	129	0
108	0	137	0
185	1	186	1
129	0	11	0
24	1	44	1
152	0	145	0
71	0	87	0
4	0	62	0
153	0	62	0
41	0	112	0
40	1	122	1
181	1	175	0
4	1	105	0
161	0	87	0
68	0	161	0
126	1	110	1
26	1	71	1
65	1	4	0
140	0	61	0
174	0	171	1
104	0	112	1
61	0	14	0
73	1	63	0
120	0	96	0
180	1	187	1
57	0	131	0
120	0	62	1
176	1	166	0
70	0	81	0
184	1	191	0
191	1	168	1
11	0	147	0
26	0	59	0
97	1	129	1
166	0	175	0
56	0	96	1
4	1	147	1
96	1	40	0
35	0	86	0
169	0	180	0
2	0	35	0
128	1	73	0
110	0	36	0
189	0	168	1
99	0	97	1
19	1	71	1
71	1	14	0
14	1	95	1
26	0	14	1
39	1	25	1
53	0	59	0
133	1	129	1
190	1	179	1
65	1	162	0
55	1	13	0
120	0	152	1
72	0	125	0
62	0	20	0
130	0	30	1
14	1	40	0
44	0	98	0
73	0	37	1
53	1	81	0
96	0	128	1
0	0	70	1
89	0	53	0
53	0	110	0
165	0	180	0
158	0	61	0
123	0	147	1
87	0	35	0
102	0	155	0
73	1	128	1
56	1	14	1
185	1	173	1
63	1	89	0
17	0	96	1
128	1	144	0
144	0	94	0
125	0	29	0
174	1	191	1
4	0	137	0
130	1	65	1
158	0	14	0
132	0	97	0
140	0	72	0
108	1	26	0
155	0	96	1
95	0	13	1
96	1	128	1
112	0	12	0
14	0	23	1
116	1	97	1
55	0	71	1
72	1	103	1
191	1	167	1
73	0	128	1
151	1	72	0
4	0	94	0
133	1	42	0
78	1	12	0
173	0	165	1
161	0	17	1
26	1	69	0
167	1	191	1
23	1	85	0
185	0	186	0
81	1	16	1
85	0	25	0
134	1	81	0
96	0	56	0
189	1	185	1
147	0	131	0
4	1	157	0
146	1	121	1
140	0	16	1
103	1	61	0
146	1	152	0
17	0	37	1
110	0	4	0
112	1	38	0
71	1	46	0
70	0	66	0
151	1	112	1
171	0	165	1
31	1	112	0
71	0	158	0
158	0	112	0
161	0	158	0
40	1	147	0
108	1	147	0
169	0	167	0
72	0	93	0
57	0	155	1
110	0	49	0
56	1	97	0
117	0	161	0
175	0	169	0
93	1	11	0
152	0	56	0
14	1	46	1
40	0	44	1
165	1	167	0
101	1	20	1
147	1	40	1
97	1	79	1
165	0	178	1
151	0	81	0
1	0	81	1
17	1	28	1
2	0	71	1
73	1	96	1
72	0	106	0
167	0	165	1
128	1	146	1
156	0	136	1
125	0	61	0
149	0	23	1
72	1	26	0
44	0	87	0
31	1	72	1
11	0	40	0
131	0	123	0
0	0	53	0
165	0	167	0
30	1	71	1
158	0	72	1
26	1	16	1
4	1	26	0
48	1	4	1
87	0	16	1
102	0	148	0
64	0	143	0
116	1	99	0
16	1	85	0
81	1	69	0
73	0	65	0
2	1	106	0
152	0	112	1
26	0	151	0
58	1	86	0
151	1	14	1
44	1	151	0
44	1	117	1
151	1	40	0
88	1	53	1
97	0	132	0
147	0	86	1
112	0	91	1
94	1	62	0
116	1	48	1
17	0	46	1
144	0	70	1
14	0	2	0
81	1	48	1
183	1	179	0
26	0	123	0
81	0	134	0
13	1	112	1
82	0	87	0
186	1	179	1
91	1	72	1
65	1	49	0
112	0	86	0
175	1	171	1
69	0	56	1
104	1	81	0
23	1	72	1
112	1	24	1
72	1	161	1
62	1	120	0
40	0	65	0
78	0	91	1
173	1	188	1
70	1	81	0
45	0	0	1
44	1	24	1
96	0	53	0
114	1	11	1
4	1	97	1
34	0	7	0
69	1	144	1
13	0	81	0
188	0	165	1
128	1	70	1
179	1	187	1
23	1	158	0
24	1	49	1
118	0	26	1
110	1	129	1
87	1	51	1
11	0	155	1
86	0	9	0
95	1	14	1
147	0	155	1
129	1	74	1
103	1	71	0
128	1	83	0
128	1	49	1
112	1	96	0
162	1	14	1
85	0	130	0
14	1	117	1
165	1	168	0
81	0	25	1
34	0	139	1
74	0	152	1
117	1	73	0
87	0	86	0
20	1	8	0
64	1	112	0
137	0	108	0
187	1	184	1
72	1	9	0
44	0	68	0
178	0	166	0
118	0	129	0
81	0	104	1
153	0	94	0
19	0	60	0
147	1	131	0
186	1	172	1
146	0	117	1
114	1	99	0
151	0	152	0
105	0	157	0
86	1	71	1
17	0	14	1
78	0	143	1
134	1	144	0
26	0	152	0
131	0	53	0
80	1	91	1
93	0	16	1
40	0	148	0
96	0	120	0
97	0	151	0
46	0	24	1
108	0	147	0
20	0	81	0
123	0	11	0
133	0	108	0
68	0	86	0
90	0	110	0
56	0	128	1
39	0	53	0
85	1	94	1
93	1	151	0
125	0	86	0
149	0	158	0
112	1	56	1
44	0	12	1
184	1	172	1
106	1	14	1
4	0	86	1
100	0	137	0
81	0	147	1
161	0	93	0
4	1	99	0
82	0	72	0
147	0	144	1
73	1	53	0
120	0	90	0
180	1	189	1
72	0	63	1
37	1	46	1
112	1	53	0
143	1	78	1
18	0	72	1
79	1	120	1
53	1	159	1
12	0	44	0
53	0	44	1
8	0	65	1
87	0	130	0
169	0	178	0
2	0	41	0
171	1	191	0
112	1	0	0
99	0	123	1
73	0	20	1
70	0	40	0
26	0	4	1
192	1	171	1
53	0	49	0
26	1	147	1
0	1	120	1
189	1	180	1
49	0	44	1
86	1	106	0
24	0	58	0
112	1	95	0
16	1	149	0
102	1	26	1
85	0	149	0
72	1	41	0
174	1	168	0
66	0	144	0
81	0	72	1
126	0	152	0
130	1	80	1
30	1	112	0
9	1	49	0
116	0	70	0
91	1	61	0
38	1	120	1
108	1	73	0
185	1	171	1
110	0	90	1
144	0	88	0
156	0	146	1
130	0	87	0
73	0	108	0
120	1	81	1
59	0	81	0
81	0	39	1
4	0	131	0
130	1	71	1
152	1	81	0
147	1	144	0
53	0	105	1
161	0	2	0
146	1	25	1
9	0	16	1
112	1	134	0
72	1	97	1
11	0	97	0
85	0	44	0
191	1	185	1
144	1	69	1
153	0	20	0
81	0	145	0
156	1	146	1
117	1	146	1
65	1	34	0
112	0	35	0
172	1	192	1
25	1	152	0
180	1	191	0
72	0	31	1
37	1	14	1
59	1	40	0
118	0	56	0
40	0	140	1
97	1	40	1
20	0	11	0
42	0	97	1
169	0	176	1
35	0	112	0
120	0	137	1
128	1	19	0
135	1	68	1
71	1	86	1
149	0	85	0
40	0	59	0
49	1	24	1
48	0	112	1
79	0	120	0
20	0	56	0
94	0	29	0
49	0	110	0
55	1	49	1
133	0	20	1
137	1	94	1
128	1	96	1
36	0	110	0
144	0	13	1
130	0	2	0
85	0	87	1
81	0	40	1
86	0	23	0
0	0	96	1
9	1	17	0
9	1	55	1
101	0	120	0
140	0	158	0
168	1	177	1
35	0	12	1
128	0	72	1
46	1	128	1
50	0	144	0
111	1	112	0
144	0	120	0
128	1	156	1
179	1	190	1
81	1	118	0
93	1	4	1
81	0	7	1
39	1	11	0
53	0	73	1
30	1	130	1
128	0	7	0
57	0	13	0
69	0	155	1
56	1	53	0
37	1	25	1
99	0	129	1
74	0	97	0
41	0	14	0
53	0	155	0
20	0	70	0
184	0	168	0
17	1	161	0
140	0	71	0
9	0	61	0
116	1	42	1
144	0	131	1
149	0	163	1
190	0	179	1
53	1	16	1
71	0	44	0
131	0	13	1
97	1	8	1
152	1	11	0
161	0	72	0
147	0	93	0
75	0	86	0
146	1	156	1
134	0	4	1
65	0	141	0
70	0	104	0
134	1	104	1
110	1	144	1
4	0	72	1
191	0	172	1
4	1	123	1
104	0	70	0
180	0	166	0
174	0	191	1
35	0	127	0
20	1	137	1
14	0	86	0
57	0	151	0
128	1	46	0
141	0	63	0
22	0	121	0
93	1	81	0
14	1	4	1
184	1	177	1
63	0	152	1
40	0	70	1
120	1	102	1
1	1	104	1
147	1	2	1
127	0	35	0
151	0	123	0
73	1	94	1
167	0	169	0
56	1	102	0
128	1	59	1
189	0	180	1
130	0	23	0
152	0	63	0
14	1	17	0
44	0	91	1
63	0	141	0
114	0	72	1
161	1	28	1
152	1	144	0
147	1	81	0
40	1	133	1
17	1	117	0
87	0	58	1
102	0	92	1
137	1	20	1
95	0	71	1
72	0	144	0
189	0	171	1
81	1	99	0
112	1	152	1
182	1	175	0
89	0	73	0
161	0	61	0
100	1	36	1
123	0	70	0
147	0	14	0
2	0	85	0
94	1	20	0
144	0	66	0
144	0	96	1
110	0	112	1
19	1	147	0
44	0	35	0
4	0	101	0
89	0	116	0
4	1	112	1
20	0	117	1
75	0	72	1
112	0	30	1
60	1	129	1
120	0	73	1
185	1	174	1
7	0	72	1
16	1	71	1
71	1	112	0
72	1	91	1
85	0	2	0
88	0	56	0
40	0	123	0
40	0	93	1
71	0	35	0
96	0	49	1
26	0	66	0
26	1	81	0
91	1	161	0
104	0	102	0
117	1	55	1
167	1	171	1
112	0	111	1
20	0	94	1
20	0	120	0
65	1	8	0
72	0	23	0
14	0	16	1
65	0	152	0
63	0	89	0
14	1	70	0
85	0	23	1
80	1	143	1
157	0	81	0
147	1	4	0
86	0	87	0
147	0	151	0
56	0	118	0
190	1	184	1
65	1	101	0
52	1	14	1
91	1	158	0
51	1	72	0
112	0	154	0
175	0	176	1
144	0	56	0
77	0	97	1
23	1	149	0
59	0	49	0
152	1	146	1
122	0	81	0
53	0	9	1
168	1	192	1
168	1	190	0
96	1	11	0
35	0	87	1
14	0	140	0
171	1	180	1
81	1	97	1
72	1	35	0
23	0	85	0
86	0	61	0
159	1	11	1
158	0	23	1
46	0	9	1
101	0	94	0
147	0	16	1
49	0	65	1
163	1	140	0
57	0	56	0
76	0	18	0
85	1	33	0
130	0	93	0
81	1	126	1
72	1	14	0
118	0	152	0
174	1	179	1
76	1	130	0
114	0	44	0
145	0	126	0
4	0	133	0
97	1	72	1
155	1	97	0
87	0	2	0
90	0	4	0
184	0	183	1
2	0	72	1
9	0	72	0
180	1	172	1
37	1	17	0
23	1	44	0
134	0	26	0
93	1	155	1
72	1	93	0
62	1	20	1
191	1	179	1
144	1	79	1
118	1	120	1
152	1	24	1
152	1	118	0
48	0	144	1
4	1	69	0
91	1	163	1
147	0	72	0
53	0	147	1
68	0	93	0
28	0	17	1
155	0	97	0
13	0	151	0
99	0	40	0
24	1	13	0
120	1	38	1
18	0	76	0
40	0	104	0
71	0	86	0
40	0	134	1
74	0	40	0
179	0	165	0
49	1	9	1
48	0	97	1
161	0	86	0
155	1	11	0
103	1	9	0
163	1	16	1
57	0	96	1
129	0	7	1
91	0	14	0
144	0	134	1
70	0	112	1
14	1	81	0
0	0	144	0
26	0	56	0
151	0	72	1
96	1	73	1
175	1	168	1
120	0	108	1
72	0	81	0
175	0	165	0
163	0	49	0
153	1	4	0
112	1	39	1
14	1	34	1
63	0	144	0
70	1	144	0
115	0	112	0
44	1	57	0
97	1	157	0
56	0	48	0
56	0	14	1
151	0	99	1
136	1	156	0
22	0	146	1
85	0	158	0
144	1	147	1
59	0	123	0
81	0	13	1
165	0	179	0
92	1	144	0
4	1	48	1
101	0	65	0
53	0	140	1
102	0	152	0
86	1	94	0
99	1	45	1
162	0	128	0
152	0	70	0
72	1	125	0
161	1	117	0
99	0	155	1
81	0	126	0
26	0	131	0
131	0	26	0
22	1	146	1
147	1	151	0
89	0	65	1
186	1	184	1
82	0	14	0
101	0	20	0
68	0	125	0
39	0	44	1
163	1	103	1
56	1	26	0
120	0	20	0
118	0	70	0
11	0	102	0
58	1	87	1
173	1	179	1
13	1	26	0
4	1	72	0
91	1	124	1
172	1	189	1
37	1	117	1
17	0	9	1
23	1	86	0
16	1	97	1
72	1	151	0
99	0	53	1
70	0	118	0
26	0	88	0
147	1	19	1
56	0	99	0
117	1	13	1
20	0	112	1
129	1	99	0
51	1	87	1
99	1	144	1
128	1	40	0
24	1	37	1
184	1	171	1
151	1	147	0
11	0	129	0
86	0	125	0
53	0	56	1
30	1	14	0
94	0	4	0
129	1	126	1
116	0	56	0
13	0	14	1
55	1	46	0
169	0	166	0
12	1	72	0
128	1	37	1
94	1	90	1
112	1	116	0
187	1	179	1
152	0	57	0
72	1	16	1
14	1	105	1
99	0	144	1
148	1	79	1
23	0	72	0
49	1	44	1
192	1	191	1
48	0	4	1
108	0	20	1
104	0	152	1
8	0	94	1
190	1	189	1
140	0	149	0
48	1	40	1
81	1	79	1
106	0	72	1
112	1	162	1
152	0	4	1
152	0	102	0
59	0	118	0
123	1	48	0
147	1	86	1
130	1	124	1
165	0	166	0
66	1	45	1
117	1	72	1
116	0	112	1
163	1	71	1
185	1	191	1
99	1	56	0
60	1	144	1
188	1	191	1
66	0	81	0
153	0	125	0
4	1	40	0
97	0	155	0
95	1	128	1
123	0	93	1
86	1	4	0
172	1	191	0
75	0	112	0
62	0	94	1
55	0	85	1
70	0	151	0
93	1	131	0
144	0	152	0
59	0	144	0
157	0	133	1
86	0	161	0
179	0	178	1
100	0	133	0
87	1	72	0
5	0	117	1
4	1	93	1
126	1	120	1
146	1	118	0
129	1	97	1
90	0	79	0
112	0	87	0
72	0	51	1
69	0	123	1
68	1	71	1
112	1	57	0
72	1	130	0
24	1	5	1
120	1	0	1
191	1	190	1
40	0	66	0
79	1	116	1
40	0	96	1
93	0	68	0
49	1	17	0
49	1	55	1
48	0	11	1
86	0	93	0
152	1	63	0
19	0	152	1
4	1	131	0
94	0	36	0
163	1	44	0
57	0	152	0
175	1	191	0
112	1	20	0
152	0	59	1
93	1	40	0
14	1	73	1
106	1	112	1
0	0	152	1
123	1	99	0
71	0	140	0
86	0	14	0
96	1	53	0
171	1	190	1
72	0	75	0
20	1	36	0
65	0	2	1
117	0	149	1
163	0	73	1
112	1	1	1
14	1	56	1
73	0	55	1
59	0	72	1
72	1	61	0
81	0	92	1
165	1	169	0
96	0	144	0
88	0	155	1
97	1	89	1
14	1	26	0
85	0	163	1
168	1	165	1
147	0	40	0
48	1	99	1
146	1	14	1
177	1	192	1
63	1	73	1
110	0	108	0
73	0	96	0
72	1	8	0
81	0	73	0
71	0	16	1
108	0	94	1
53	0	132	0
68	0	2	0
147	0	53	1
102	0	134	0
102	0	96	1
185	1	170	0
110	0	153	0
180	1	166	1
14	0	35	0
94	1	29	0
17	0	73	1
19	1	120	1
59	0	146	1
72	1	117	1
184	1	192	1
72	1	87	0
120	1	147	0
118	0	81	1
4	0	108	0
104	0	0	0
155	1	88	0
68	0	87	0
177	1	174	1
154	0	112	0
125	0	85	0
176	1	182	1
99	0	4	1
71	1	73	1
79	1	148	1
40	0	128	1
87	1	93	0
155	1	53	0
189	1	171	1
112	0	68	0
96	1	102	0
120	0	125	1
175	1	185	1
72	0	30	0
17	0	55	1
124	1	130	1
144	0	128	1
173	1	174	1
93	0	87	0
147	1	11	0
86	0	72	1
53	0	13	0
91	1	149	0
75	0	9	0
0	1	42	0
117	1	5	0
168	1	186	1
102	0	56	0
37	1	112	1
110	0	65	1
59	1	102	0
144	0	63	0
170	0	185	1
71	1	17	0
130	0	14	0
50	1	57	0
73	0	53	0
24	1	128	1
152	0	38	0
101	1	4	0
120	1	122	1
100	0	108	0
147	1	56	0
92	1	102	0
0	0	118	0
81	0	60	1
53	1	99	0
123	0	131	0
96	1	0	0
137	1	29	0
73	1	144	0
25	1	117	1
174	0	184	1
124	0	91	1
152	0	19	0
44	0	71	1
14	1	37	0
165	1	188	1
4	0	153	1
87	1	58	1
53	0	99	0
132	0	144	0
61	0	140	0
55	1	71	1
20	0	141	0
3	1	106	1
69	0	151	1
11	1	99	0
43	0	34	0
124	0	143	1
102	1	116	1
40	0	151	1
131	0	20	0
182	1	179	0
89	0	63	1
41	0	2	0
94	0	152	0
133	1	126	1
53	0	151	0
48	1	45	1
112	0	23	0
86	1	81	1
99	1	48	1
62	0	73	0
94	1	8	0
117	0	28	0
68	1	161	0
104	1	144	0
68	1	135	1
14	1	162	1
10	1	86	1
173	1	185	1
4	0	81	0
49	1	81	0
161	0	82	1
104	0	13	0
147	0	81	0
123	0	39	1
116	0	152	0
13	0	144	0
99	1	129	1
96	1	134	0
155	0	102	0
71	1	130	1
184	1	186	1
11	0	93	1
18	0	71	0
123	1	69	1
13	1	53	0
26	0	112	1
181	1	183	0
191	0	184	1
31	0	17	0
172	0	165	1
151	0	48	0
129	1	79	1
154	0	72	1
112	0	147	1
49	0	112	1
174	0	179	1
105	0	4	1
72	0	11	0
46	1	37	1
144	0	49	1
90	1	85	1
71	1	19	1
71	1	49	0
23	1	140	0
48	0	53	1
179	0	183	1
158	0	140	0
38	0	152	1
159	1	99	0
20	0	57	0
46	0	71	1
4	1	155	1
103	1	85	0
166	1	180	1
23	1	161	0
70	0	26	0
44	0	103	1
11	0	56	1
165	1	186	0
192	1	185	1
152	1	132	0
108	0	120	0
159	1	48	0
101	0	153	1
108	1	137	1
87	0	68	0
103	1	72	1
153	1	120	0
152	0	96	0
99	0	151	0
24	1	152	0
178	0	184	0
152	1	145	1
96	0	152	1
61	1	112	0
55	1	24	1
146	1	22	0
7	1	53	0
102	0	147	0
63	1	65	0
73	0	94	0
131	1	144	0
44	1	152	0
9	1	46	1
56	0	144	0
123	0	57	0
184	0	169	0
99	1	97	1
96	1	152	1
149	1	17	1
91	0	72	0
125	0	72	0
137	0	20	0
191	1	175	1
93	0	23	0
152	1	44	1
81	0	131	0
123	0	20	0
20	0	116	0
189	1	192	1
91	1	85	0
154	0	86	0
13	0	131	0
73	1	37	1
85	0	161	0
71	1	51	1
143	1	124	1
37	0	44	1
192	1	174	1
152	1	57	0
13	1	38	0
12	0	2	0
86	0	91	0
40	1	45	1
181	1	184	0
56	0	72	1
180	0	167	0
171	1	175	1
14	0	87	0
36	0	79	0
28	1	161	1
16	1	53	1
189	0	192	1
71	1	68	1
130	0	35	0
23	1	163	1
148	1	97	1
152	1	134	1
26	0	20	0
0	1	86	1
166	0	178	1
65	1	90	0
137	1	110	0
169	0	175	0
2	0	12	0
72	0	103	1
171	1	184	1
20	1	94	0
152	0	0	0
174	1	184	1
165	1	175	0
79	1	0	1
81	0	4	0
44	1	37	0
122	0	126	0
0	1	99	0
147	0	4	1
168	1	191	1
155	0	11	0
116	1	102	1
156	0	128	1
72	1	2	0
144	1	120	1
81	0	49	1
0	0	13	0
39	1	57	0
165	0	175	0
89	0	72	0
53	0	152	1
140	0	161	0
65	1	130	1
87	0	14	0
68	0	58	1
86	1	0	1
20	0	65	1
116	0	89	0
25	0	12	1
72	1	81	0
66	0	40	0
49	1	163	0
19	0	70	1
39	1	44	1
156	1	128	1
4	1	81	0
176	0	175	0
177	1	180	1
140	0	23	1
69	0	81	1
24	1	95	1
152	0	134	0
93	0	72	1
61	0	91	1
60	1	81	0
141	0	94	0
149	0	71	0
37	0	49	0
88	0	4	1
4	0	62	1
173	1	180	1
161	0	87	1
151	0	26	0
117	1	25	1
43	1	112	1
168	1	180	1
49	0	120	0
49	0	94	1
48	1	114	1
72	0	71	1
57	0	131	1
2	0	44	0
57	0	97	0
42	1	116	1
131	1	4	0
112	1	43	1
112	1	13	0
120	1	116	1
184	1	191	1
53	1	71	1
49	1	37	0
11	0	147	1
94	0	120	0
117	1	14	1
116	0	20	0
112	0	150	1
57	0	50	1
72	0	114	0
116	1	133	1
128	1	73	1
65	0	101	0
131	1	81	0
130	0	71	1
179	1	172	1
70	0	0	0
153	1	101	0
72	1	4	1
72	1	34	0
59	0	13	1
96	0	151	0
4	0	147	1
126	0	151	0
53	0	89	0
53	0	59	1
0	1	144	1
140	0	163	1
55	1	73	1
177	1	191	1
125	1	120	0
95	0	117	1
94	1	85	1
72	0	158	0
152	0	24	1
81	0	96	1
81	0	66	0
186	0	185	0
0	0	26	0
152	1	74	0
186	1	180	1
133	1	116	1
151	0	144	0
177	1	170	0
140	0	85	0
155	0	53	0
62	0	101	1
98	0	44	0
145	1	152	0
17	0	96	0
16	1	26	1
32	0	68	1
112	1	131	0
110	1	86	1
14	1	152	1
151	1	53	0
173	1	191	1
26	0	99	0
103	1	23	1
140	0	72	1
155	0	96	0
185	1	184	1
112	0	12	1
14	0	23	0
116	1	45	0
59	1	19	0
6	1	82	1
24	1	46	1
114	0	147	0
41	1	65	0
11	0	152	1
4	0	94	1
93	0	31	1
13	1	59	0
161	0	85	0
20	0	108	1
35	0	140	0
65	1	36	1
167	1	191	0
20	1	153	0
69	0	53	0
57	0	129	0
144	0	59	1
161	1	17	1
81	0	26	1
26	0	57	0
40	1	71	1
181	1	176	1
75	0	14	0
87	0	154	0
117	1	46	1
161	0	163	1
95	0	163	0
72	0	82	0
68	1	32	0
11	1	48	0
179	1	174	0
25	0	130	0
16	1	144	1
71	1	46	1
149	0	61	0
73	0	62	0
48	0	42	0
44	1	56	0
86	0	18	0
158	0	86	0
94	0	101	0
117	1	95	1
40	1	147	1
108	1	147	1
137	1	4	0
125	1	58	1
14	0	158	0
117	0	161	1
112	1	117	1
152	0	26	0
14	1	46	0
40	0	14	1
165	0	178	0
49	0	17	0
87	0	61	0
163	1	91	1
108	1	65	0
185	1	179	1
116	1	120	1
183	0	181	1
63	0	53	0
81	0	95	1
182	1	180	0
146	0	128	0
99	1	123	1
108	1	20	0
94	1	49	0
148	0	81	0
116	1	99	1
183	1	184	0
24	1	14	1
72	1	75	0
80	1	130	1
86	0	149	0
161	0	117	0
105	1	14	1
161	0	23	1
147	0	86	0
20	0	110	0
112	0	91	0
61	0	44	0
155	0	93	1
116	1	48	0
17	0	46	0
134	0	97	0
176	1	184	0
71	1	53	1
80	0	12	0
143	1	80	0
149	0	72	1
71	0	68	0
192	1	168	1
13	1	14	1
86	0	103	1
146	0	72	1
26	1	118	0
91	1	140	0
12	1	86	1
69	0	56	0
72	0	16	1
128	1	9	1
176	1	181	1
120	1	1	0
33	0	85	1
157	0	118	0
152	1	128	1
86	0	114	0
1	0	120	1
117	1	17	0
189	1	172	1
168	1	174	1
87	0	72	1
55	1	9	1
129	0	128	1
96	1	57	0
72	0	97	1
128	1	70	0
35	0	71	0
175	1	190	1
59	0	26	0
131	0	112	1
97	1	77	1
123	0	151	0
128	0	34	0
168	1	185	1
87	0	93	0
129	0	157	0
34	1	38	0
112	1	66	0
178	0	179	0
165	1	168	1
53	1	66	1
86	0	58	1
155	1	144	0
12	0	130	0
158	0	44	0
147	0	11	0
20	0	153	0
184	0	165	1
63	1	72	0
90	1	133	0
65	0	62	0
16	1	87	0
23	1	2	0
125	0	110	0
11	0	39	1
66	0	112	1
81	0	104	0
178	1	179	0
4	0	120	0
12	0	87	0
114	1	99	1
184	0	176	0
148	0	102	0
72	1	152	1
25	0	23	0
26	0	152	1
14	1	144	0
152	1	19	0
96	0	26	0
143	0	64	0
86	0	71	1
97	0	151	1
155	1	57	0
112	0	72	0
172	1	179	1
120	0	79	0
72	0	18	0
185	0	165	1
112	1	56	0
71	1	72	0
72	1	163	1
85	0	72	1
84	1	112	1
134	1	96	1
49	1	112	1
34	0	35	1
86	0	82	0
133	1	0	1
126	1	133	1
0	1	48	1
4	1	99	1
116	0	59	1
65	1	2	1
103	1	44	0
82	0	72	1
147	0	144	0
72	0	63	0
65	0	86	1
179	1	189	1
163	0	95	0
81	1	147	1
85	0	93	0
184	1	185	1
63	0	128	1
70	1	128	1
81	0	0	1
100	0	120	0
100	0	94	1
40	1	97	1
159	1	57	1
0	1	77	0
126	1	81	1
49	0	81	0
39	0	152	1
188	0	186	0
153	1	65	1
71	1	16	1
93	1	26	0
11	0	44	1
134	1	40	0
108	0	100	0
53	0	49	1
190	1	175	1
55	1	17	0
103	1	149	0
85	1	36	0
116	1	77	0
128	1	129	0
130	0	64	0
112	1	95	1
152	0	116	0
102	1	120	1
72	1	11	0
125	0	108	1
25	0	68	0
81	0	72	0
153	0	2	1
126	0	152	1
130	1	80	0
147	1	133	0
182	1	167	0
4	1	11	0
147	0	120	1
53	0	131	0
116	0	70	1
112	0	61	1
172	1	184	1
99	1	4	1
108	1	73	1
9	0	103	1
104	1	134	1
179	1	192	1
7	0	146	0
144	0	155	1
81	1	86	1
72	1	86	0
118	0	146	1
178	1	166	0
74	0	26	0
147	1	144	1
20	0	125	1
123	0	13	0
108	1	62	0
68	1	64	0
23	1	68	0
70	0	129	0
81	1	1	0
184	1	174	1
79	1	81	1
40	0	99	0
26	0	74	0
191	0	180	1
26	0	108	1
34	0	3	1
56	0	81	0
20	0	0	0
112	0	103	1
61	0	16	1
20	1	147	0
73	1	59	0
104	1	96	1
25	1	152	1
180	1	191	1
16	1	44	0
37	1	44	1
90	1	65	1
29	0	65	0
65	0	144	0
85	0	125	0
191	1	172	1
157	0	105	0
93	0	86	0
48	0	57	1
40	1	99	0
181	1	182	1
35	1	34	0
56	0	126	0
20	0	53	0
0	1	45	0
90	0	133	0
57	0	72	1
120	0	137	0
56	1	112	1
72	0	44	0
128	1	53	0
20	1	101	1
102	0	57	0
131	1	11	0
152	0	39	0
139	1	34	0
156	1	22	1
147	1	57	0
192	1	173	1
53	0	63	0
151	0	70	0
108	0	4	0
48	1	133	1
87	0	112	0
55	1	49	0
13	0	55	1
128	1	96	0
63	1	8	0
144	0	13	0
112	1	81	0
121	0	128	1
50	1	11	0
147	1	102	0
44	1	81	0
152	1	70	1
95	1	163	0
122	1	120	1
48	1	81	1
163	1	85	1
56	1	40	0
94	1	2	1
128	1	156	0
188	1	173	1
130	0	85	0
81	1	118	1
25	0	87	0
152	0	65	0
11	0	20	0
81	0	123	0
53	1	88	1
26	0	134	0
182	1	178	0
159	1	4	1
94	0	153	0
30	1	130	0
68	0	112	0
77	1	97	1
57	0	13	1
120	0	49	1
85	1	90	0
2	0	161	0
93	1	147	1
25	0	2	0
191	1	187	1
14	1	131	0
144	1	71	1
86	0	147	0
81	0	151	0
41	0	44	0
152	1	126	0
53	0	155	1
112	0	71	1
128	1	24	1
116	1	42	0
55	0	24	0
36	0	20	1
144	0	131	0
99	0	114	1
72	1	144	0
63	0	97	0
191	1	174	0
151	1	97	0
9	1	95	1
68	0	72	1
147	0	93	1
112	0	114	0
169	0	182	1
146	1	156	0
171	1	179	1
14	0	75	0
112	1	4	1
42	1	145	1
157	0	26	1
26	0	0	0
48	0	114	1
34	0	43	0
151	0	102	0
56	0	11	0
104	0	70	1
42	0	116	1
46	0	128	1
103	1	86	0
86	1	110	1
13	0	53	0
171	1	174	0
167	0	180	0
57	0	151	1
59	1	116	0
174	0	191	0
72	0	89	0
140	1	53	0
79	1	60	1
63	0	152	0
165	1	187	0
44	1	49	0
165	0	182	1
53	0	96	1
30	1	86	0
130	1	78	1
42	0	133	1
126	1	79	1
65	1	153	1
168	1	179	1
123	0	112	1
35	0	44	0
147	0	56	1
87	0	71	0
116	1	145	1
56	1	72	0
72	0	68	1
144	0	122	0
117	0	72	0
152	0	97	0
44	0	91	0
182	1	176	1
48	0	159	1
101	0	73	0
61	0	158	0
163	1	161	0
48	1	0	1
94	1	73	1
68	1	128	0
130	0	72	1
125	0	20	0
124	1	12	0
3	0	106	0
112	1	152	0
59	0	128	1
81	0	118	0
44	1	155	0
130	1	20	1
152	1	94	0
89	0	73	1
41	0	12	0
68	0	71	1
147	0	112	0
146	1	70	1
177	1	184	1
86	1	1	0
123	0	56	0
9	0	35	0
105	0	155	1
121	1	22	1
68	1	87	0
81	1	60	1
99	0	48	0
118	0	120	1
85	0	61	0
71	0	72	1
26	0	93	1
74	1	129	1
91	1	86	0
75	0	72	0
154	0	87	0
128	0	162	0
112	0	82	0
73	1	4	0
58	0	49	1
7	0	72	0
190	0	188	0
110	1	81	1
88	0	26	0
88	0	56	1
4	0	20	0
135	0	112	0
173	1	192	1
191	0	174	1
79	0	90	0
161	0	91	1
151	0	96	1
20	0	26	0
65	1	110	0
112	0	111	0
174	0	189	1
73	1	81	0
167	0	182	1
72	0	57	0
46	1	55	1
112	1	17	0
70	0	59	0
81	0	14	1
70	1	104	0
191	0	177	1
147	1	4	1
40	1	123	1
57	1	48	0
147	0	151	1
97	0	26	0
13	0	40	0
112	0	154	1
12	1	64	0
51	1	72	1
7	1	129	0
128	1	95	0
20	1	89	0
80	0	143	1
175	0	176	0
140	1	40	0
71	1	26	1
73	0	112	1
70	0	20	0
149	0	9	0
120	1	19	1
165	1	172	0
59	0	19	0
191	0	192	1
81	0	59	0
96	0	155	0
153	0	137	1
108	0	110	0
133	1	157	0
65	1	86	1
55	1	117	1
91	1	44	0
99	1	53	1
108	1	94	0
110	0	137	1
155	0	44	1
94	1	79	0
65	0	4	0
144	0	73	1
68	1	130	1
81	1	71	1
45	1	48	0
80	0	91	1
44	0	72	0
58	1	72	1
131	0	4	1
13	1	128	1
19	0	26	1
39	1	24	1
152	1	96	1
38	0	112	1
56	0	147	1
86	1	33	0
155	0	57	0
23	1	25	0
112	1	151	0
118	0	152	1
4	0	65	1
86	0	140	0
97	1	110	1
81	0	128	1
49	1	65	1
4	1	114	1
12	0	78	0
97	0	147	0
60	0	19	0
184	0	183	0
13	0	128	1
112	0	16	1
61	0	103	1
38	1	81	0
93	1	155	0
44	0	16	1
71	1	144	1
66	0	26	0
184	1	168	1
71	0	93	0
96	0	17	0
49	1	94	1
75	0	71	0
99	1	120	1
72	0	25	0
180	1	177	1
112	1	49	0
24	1	13	1
14	1	106	1
152	0	146	1
40	0	74	0
40	0	104	1
53	1	147	1
57	1	114	1
14	0	161	0
128	1	63	0
72	0	4	1
58	0	73	0
175	0	178	1
65	0	73	0
114	0	68	0
89	1	141	1
26	0	56	1
95	1	81	0
189	1	184	1
129	0	118	0
72	0	115	0
94	1	137	1
25	0	161	0
175	0	165	1
163	0	49	1
70	0	1	0
152	0	44	1
114	0	25	0
97	1	81	1
53	0	88	0
151	0	93	1
69	1	123	1
117	1	112	1
129	1	60	1
49	0	71	1
49	0	37	0
55	1	14	1
86	1	65	0
103	1	140	0
77	0	133	1
128	1	134	0
106	0	3	0
2	1	65	0
72	1	112	0
44	0	61	0
174	1	177	1
11	0	112	1
182	1	184	0
153	0	101	0
35	1	162	0
4	1	48	0
161	0	14	0
155	1	99	0
104	0	59	0
151	0	147	0
146	1	59	0
102	0	152	1
112	0	18	0
140	0	86	0
101	0	65	1
103	1	161	0
46	1	72	1
180	1	174	1
152	0	70	1
144	1	99	0
139	1	162	0
182	1	181	1
41	0	72	1
152	1	120	0
26	0	96	0
81	0	157	0
90	0	85	1
39	0	14	1
155	0	99	0
73	1	55	1
73	1	17	0
120	0	20	1
16	1	40	1
91	0	85	0
29	0	137	1
118	0	70	1
70	0	123	0
70	1	40	0
152	1	39	0
87	1	85	0
19	0	128	1
