6653	26041
6873	26261
4835	24223
1596	20984
381	19769
3299	22687
2372	21760
4201	23589
6963	26351
9246	28634
2124	21512
6270	25658
6557	25945
6694	26082
499	19887
9458	28846
5737	25125
640	20028
4248	23636
337	19725
2138	21526
6573	25961
4308	23696
2619	22007
2586	21974
8454	27842
9783	29171
8338	27726
8107	27495
2914	22302
5776	25164
10209	29597
5368	24756
2998	22386
954	20342
8100	27488
762	20150
6817	26205
3283	22671
10014	29402
7099	26487
6231	25619
9898	29286
8292	27680
2588	21976
1767	21155
1855	21243
1710	21098
4716	24104
10066	29454
5180	24568
8838	28226
3864	23252
8305	27693
2405	21793
4856	24244
705	20093
9167	28555
600	19988
503	19891
7626	27014
7337	26725
439	19827
3826	23214
433	19821
163	19551
8329	27717
114	19502
4541	23929
3373	22761
4501	23889
6058	25446
3241	22629
1365	20753
9672	29060
7760	27148
1436	20824
1826	21214
7457	26845
4544	23932
8745	28133
1925	21313
561	19949
3235	22623
3528	22916
8162	27550
1694	21082
5383	24771
6762	26150
4998	24386
5947	25335
5696	25084
7043	26431
8816	28204
3621	23009
2734	22122
4874	24262
7112	26500
2146	21534
8094	27482
1294	20682
10479	29867
7887	27275
5691	25079
3397	22785
3311	22699
5381	24769
1260	20648
1090	20478
2190	21578
9432	28820
8695	28083
7649	27037
2654	22042
4770	24158
7598	26986
223	19611
420	19808
7178	26566
5526	24914
5793	25181
8597	27985
7195	26583
4480	23868
4289	23677
6845	26233
3659	23047
2197	21585
7250	26638
1887	21275
6770	26158
632	20020
3197	22585
1169	20557
5452	24840
6896	26284
3696	23084
9682	29070
4188	23576
8765	28153
1501	20889
10267	29655
8370	27758
1661	21049
8748	28136
4924	24312
4672	24060
6590	25978
2136	21524
7810	27198
5654	25042
6212	25600
6999	26387
3111	22499
6599	25987
5438	24826
3776	23164
3684	23072
4967	24355
7897	27285
8848	28236
6932	26320
8377	27765
6522	25910
3421	22809
7276	26664
7979	27367
5001	24389
1368	20756
7054	26442
10136	29524
8965	28353
1087	20475
9615	29003
5517	24905
2348	21736
9187	28575
3135	22523
6978	26366
85	19473
9483	28871
10094	29482
1639	21027
7135	26523
6513	25901
1052	20440
6681	26069
6518	25906
2300	21688
3444	22832
6784	26172
533	19921
4968	24356
3645	23033
5831	25219
8876	28264
2506	21894
4927	24315
8101	27489
5803	25191
1790	21178
4551	23939
10259	29647
8771	28159
992	20380
10179	29567
7056	26444
7958	27346
6594	25982
3049	22437
8295	27683
7879	27267
4804	24192
9463	28851
3584	22972
9661	29049
4754	24142
9202	28590
1786	21174
6972	26360
3680	23068
628	20016
4884	24272
5057	24445
5707	25095
3288	22676
5804	25192
8758	28146
5901	25289
5103	24491
5015	24403
4226	23614
70	19458
9735	29123
2647	22035
9014	28402
31	19419
3767	23155
1183	20571
4049	23437
6172	25560
4531	23919
7185	26573
2411	21799
8582	27970
7966	27354
5528	24916
4151	23539
1089	20477
9528	28916
8817	28205
4665	24053
2873	22261
3894	23282
7365	26753
1977	21365
5936	25324
3979	23367
816	20204
9244	28632
4590	23978
4159	23547
8969	28357
479	19867
4745	24133
947	20335
6337	25725
1847	21235
5441	24829
5501	24889
1421	20809
4529	23917
4641	24029
3817	23205
1012	20400
1774	21162
5545	24933
8704	28092
8026	27414
7655	27043
1102	20490
7405	26793
3148	22536
3837	23225
10360	29748
2790	22178
4294	23682
7853	27241
9835	29223
388	19776
3945	23333
6348	25736
10020	29408
618	20006
2630	22018
1572	20960
6698	26086
4462	23850
5369	24757
1862	21250
6091	25479
7545	26933
9315	28703
7918	27306
4669	24057
6420	25808
9750	29138
4825	24213
7841	27229
7172	26560
9439	28827
672	20060
1133	20521
8340	27728
1960	21348
7141	26529
2053	21441
6460	25848
10049	29437
8176	27564
9257	28645
1160	20548
8564	27952
8820	28208
4158	23546
2825	22213
10202	29590
9935	29323
1534	20922
1780	21168
5832	25220
5735	25123
1949	21337
9696	29084
2537	21925
10382	29770
8309	27697
2473	21861
3682	23070
496	19884
5494	24882
2546	21934
1542	20930
7895	27283
3709	23097
6470	25858
6732	26120
1376	20764
3411	22799
3537	22925
1344	20732
3760	23148
2890	22278
1874	21262
6967	26355
7373	26761
2668	22056
5574	24962
8032	27420
9026	28414
6545	25933
5376	24764
6813	26201
3735	23123
3552	22940
2850	22238
3641	23029
4742	24130
938	20326
6068	25456
8037	27425
2013	21401
1909	21297
3910	23298
5511	24899
435	19823
6066	25454
1218	20606
8447	27835
3219	22607
8864	28252
10277	29665
4138	23526
8954	28342
3429	22817
8719	28107
5371	24759
5660	25048
732	20120
2661	22049
5471	24859
6103	25491
8349	27737
3545	22933
8717	28105
9864	29252
8846	28234
2035	21423
9371	28759
7106	26494
9730	29118
3342	22730
2881	22269
4267	23655
7825	27213
6477	25865
2388	21776
1620	21008
7149	26537
8127	27515
7463	26851
516	19904
1481	20869
7304	26692
7596	26984
3007	22395
6347	25735
8961	28349
3359	22747
1007	20395
6322	25710
10000	29388
1034	20422
393	19781
2544	21932
419	19807
1788	21176
744	20132
10003	29391
6554	25942
2325	21713
4779	24167
10386	29774
3408	22796
9764	29152
8896	28284
3877	23265
8839	28227
2904	22292
2107	21495
6158	25546
8129	27517
5865	25253
7067	26455
1928	21316
1028	20416
6180	25568
872	20260
5378	24766
6163	25551
3601	22989
2069	21457
6701	26089
5270	24658
3905	23293
8994	28382
2813	22201
6461	25849
2476	21864
7720	27108
9441	28829
3581	22969
6636	26024
1082	20470
2722	22110
4208	23596
8030	27418
8109	27497
361	19749
7117	26505
380	19768
4282	23670
7165	26553
8980	28368
4126	23514
3521	22909
2288	21676
2406	21794
7235	26623
9053	28441
2281	21669
491	19879
6236	25624
6214	25602
6801	26189
4681	24069
2463	21851
5130	24518
1537	20925
3738	23126
5110	24498
6042	25430
1552	20940
3222	22610
4335	23723
861	20249
10123	29511
59	19447
8529	27917
4868	24256
9834	29222
806	20194
6195	25583
4324	23712
4956	24344
8140	27528
1737	21125
10100	29488
5980	25368
7910	27298
6240	25628
8460	27848
8078	27466
2278	21666
5147	24535
3657	23045
3382	22770
7757	27145
7816	27204
8720	28108
7334	26722
2259	21647
4098	23486
4031	23419
1297	20685
3514	22902
137	19525
9749	29137
7148	26536
9304	28692
5551	24939
6483	25871
5399	24787
2373	21761
7680	27068
4865	24253
2052	21440
2679	22067
2616	22004
10206	29594
6017	25405
5944	25332
1101	20489
7026	26414
8867	28255
5321	24709
9189	28577
8901	28289
4246	23634
5464	24852
142	19530
10019	29407
5930	25318
5818	25206
6649	26037
9491	28879
1045	20433
1390	20778
8851	28239
3191	22579
5564	24952
9245	28633
3835	23223
970	20358
4038	23426
6469	25857
5747	25135
6847	26235
8367	27755
2203	21591
6137	25525
7783	27171
7202	26590
483	19871
4382	23770
993	20381
9002	28390
8121	27509
2294	21682
2217	21605
4690	24078
3747	23135
9051	28439
7214	26602
8020	27408
1903	21291
9178	28566
4705	24093
3714	23102
5613	25001
3316	22704
5139	24527
4302	23690
7614	27002
10258	29646
3279	22667
8809	28197
219	19607
4400	23788
6140	25528
8045	27433
5562	24950
10318	29706
8088	27476
7151	26539
5572	24960
8458	27846
6515	25903
4571	23959
5480	24868
8844	28232
8380	27768
10175	29563
617	20005
4875	24263
6858	26246
6998	26386
2451	21839
7366	26754
4649	24037
4583	23971
2966	22354
3670	23058
8803	28191
6792	26180
6435	25823
5524	24912
5469	24857
7922	27310
2868	22256
8001	27389
728	20116
9731	29119
3287	22675
9339	28727
4907	24295
9352	28740
5507	24895
515	19903
6198	25586
5934	25322
7136	26524
1263	20651
8159	27547
7859	27247
3602	22990
367	19755
9852	29240
1084	20472
1088	20476
3053	22441
8664	28052
6364	25752
1959	21347
1674	21062
3492	22880
1419	20807
4134	23522
4192	23580
7119	26507
4611	23999
6215	25603
3162	22550
9958	29346
353	19741
2201	21589
5032	24420
750	20138
7551	26939
5465	24853
1753	21141
3666	23054
6640	26028
9824	29212
4465	23853
8350	27738
9261	28649
403	19791
1973	21361
1307	20695
6984	26372
9578	28966
7103	26491
5641	25029
868	20256
1140	20528
2533	21921
4613	24001
7625	27013
7363	26751
4124	23512
4379	23767
7654	27042
604	19992
165	19553
2297	21685
6150	25538
510	19898
1478	20866
2186	21574
8798	28186
3598	22986
5064	24452
2519	21907
7252	26640
6539	25927
4946	24334
9426	28814
5039	24427
5858	25246
7549	26937
9575	28963
476	19864
1275	20663
3708	23096
23	19411
9502	28890
1763	21151
7571	26959
8854	28242
5871	25259
6035	25423
9570	28958
9684	29072
4022	23410
5658	25046
8514	27902
4688	24076
10387	29775
9572	28960
2735	22123
4728	24116
6748	26136
4735	24123
4591	23979
6855	26243
10480	29868
74	19462
3850	23238
1499	20887
4167	23555
1331	20719
9561	28949
414	19802
8979	28367
6961	26349
5897	25285
3260	22648
1424	20812
4849	24237
1237	20625
9446	28834
999	20387
5231	24619
7301	26689
4706	24094
4556	23944
8236	27624
1982	21370
3852	23240
8879	28267
8391	27779
9819	29207
688	20076
7808	27196
689	20077
1936	21324
8718	28106
9828	29216
7991	27379
5357	24745
8049	27437
1996	21384
1778	21166
5419	24807
2100	21488
4777	24165
9941	29329
164	19552
5774	25162
6597	25985
6727	26115
3901	23289
3941	23329
1735	21123
3006	22394
2017	21405
9587	28975
8497	27885
8769	28157
2450	21838
8072	27460
2756	22144
7619	27007
3843	23231
9564	28952
5179	24567
3332	22720
8589	27977
4686	24074
3591	22979
7004	26392
1150	20538
2733	22121
7163	26551
3746	23134
10321	29709
7794	27182
1739	21127
10214	29602
5305	24693
3485	22873
2953	22341
7817	27205
8496	27884
4736	24124
5666	25054
3217	22605
4293	23681
1715	21103
1923	21311
1416	20804
252	19640
7863	27251
4200	23588
677	20065
9759	29147
8000	27388
7446	26834
1488	20876
2557	21945
4844	24232
5240	24628
9892	29280
9708	29096
5129	24517
2453	21841
4602	23990
9298	28686
6342	25730
7092	26480
3225	22613
5810	25198
3395	22783
6602	25990
3354	22742
4160	23548
2023	21411
118	19506
4994	24382
6937	26325
7437	26825
9641	29029
1595	20983
8593	27981
4329	23717
9645	29033
6964	26352
684	20072
8389	27777
2147	21535
7263	26651
3785	23173
6592	25980
6259	25647
9808	29196
8827	28215
9771	29159
130	19518
1348	20736
5459	24847
6036	25424
6560	25948
5380	24768
1882	21270
3867	23255
8403	27791
2061	21449
6580	25968
3240	22628
830	20218
4467	23855
9327	28715
1758	21146
9033	28421
5767	25155
9519	28907
1699	21087
1404	20792
9906	29294
4757	24145
563	19951
9966	29354
2950	22338
7115	26503
322	19710
5908	25296
6287	25675
9096	28484
10208	29596
3790	23178
973	20361
1300	20688
9804	29192
3271	22659
3851	23239
9475	28863
4756	24144
4370	23758
1707	21095
8766	28154
3497	22885
9954	29342
6675	26063
2151	21539
8596	27984
4059	23447
9598	28986
5183	24571
1493	20881
2727	22115
10148	29536
425	19813
9321	28709
6800	26188
9705	29093
6173	25561
3486	22874
569	19957
7444	26832
2213	21601
5972	25360
9154	28542
8281	27669
1341	20729
10171	29559
8544	27932
2676	22064
6688	26076
8466	27854
60	19448
10395	29783
8036	27424
3737	23125
5966	25354
3145	22533
7108	26496
7183	26571
1730	21118
6888	26276
5453	24841
1214	20602
9040	28428
3154	22542
1180	20568
8535	27923
6667	26055
4357	23745
7162	26550
1496	20884
8755	28143
5314	24702
5287	24675
4241	23629
10442	29830
9913	29301
7404	26792
9700	29088
6790	26178
9592	28980
7646	27034
4165	23553
2162	21550
5310	24698
3318	22706
9011	28399
8857	28245
2298	21686
8478	27866
7575	26963
4276	23664
6899	26287
6923	26311
4008	23396
521	19909
7474	26862
3559	22947
8841	28229
1891	21279
7829	27217
1573	20961
465	19853
1717	21105
9068	28456
5978	25366
9242	28630
5118	24506
6869	26257
1340	20728
4313	23701
