240	19628
7257	26645
3421	22809
8811	28199
6200	25588
10290	29678
1844	21232
3683	23071
5632	25020
9179	28567
3201	22589
6201	25589
5201	24589
1742	21130
8803	28191
7903	27291
328	19716
4465	23853
2148	21536
3145	22533
2312	21700
6644	26032
8353	27741
1184	20572
5652	25040
6888	26276
1456	20844
5548	24936
686	20074
2533	21921
7542	26930
796	20184
3761	23149
6342	25730
8614	28002
7951	27339
4319	23707
4113	23501
5833	25221
2091	21479
2141	21529
7924	27312
1803	21191
2086	21474
3260	22648
777	20165
7475	26863
6599	25987
3977	23365
3235	22623
1966	21354
8300	27688
9778	29166
3896	23284
6335	25723
6681	26069
6068	25456
1796	21184
6538	25926
3599	22987
2217	21605
2746	22134
5453	24841
1873	21261
4708	24096
8462	27850
9145	28533
6651	26039
7027	26415
4769	24157
8527	27915
764	20152
822	20210
7504	26892
3847	23235
1596	20984
6766	26154
8238	27626
4557	23945
9172	28560
1662	21050
1087	20475
1837	21225
5938	25326
7077	26465
9808	29196
3690	23078
3989	23377
3259	22647
7114	26502
7840	27228
129	19517
10188	29576
10329	29717
6999	26387
5168	24556
4242	23630
685	20073
9022	28410
4144	23532
5590	24978
5085	24473
2219	21607
906	20294
801	20189
8603	27991
4910	24298
1573	20961
8507	27895
5821	25209
3496	22884
787	20175
5001	24389
688	20076
3961	23349
3156	22544
9904	29292
3828	23216
3640	23028
10254	29642
2373	21761
5266	24654
4139	23527
5346	24734
7530	26918
3136	22524
4673	24061
1037	20425
2920	22308
1711	21099
10040	29428
6621	26009
2785	22173
4996	24384
8724	28112
10143	29531
8762	28150
1878	21266
1353	20741
7598	26986
7509	26897
10341	29729
10382	29770
3034	22422
3354	22742
6744	26132
10191	29579
8666	28054
280	19668
9386	28774
5910	25298
3009	22397
5442	24830
724	20112
5702	25090
3647	23035
4045	23433
9812	29200
7049	26437
5640	25028
8909	28297
9181	28569
221	19609
2852	22240
650	20038
2287	21675
1890	21278
6820	26208
8568	27956
9131	28519
632	20020
8366	27754
8164	27552
7592	26980
5021	24409
7127	26515
10179	29567
9915	29303
7441	26829
1498	20886
6967	26355
6697	26085
10110	29498
6388	25776
7691	27079
9233	28621
5774	25162
5376	24764
8719	28107
8486	27874
9839	29227
7587	26975
7398	26786
7231	26619
4359	23747
2641	22029
8766	28154
5527	24915
4347	23735
4612	24000
2191	21579
10481	29869
2515	21903
3927	23315
6178	25566
3284	22672
1376	20764
6273	25661
5000	24388
7816	27204
4302	23690
908	20296
2915	22303
2499	21887
6518	25906
3575	22963
6636	26024
283	19671
8067	27455
6271	25659
9169	28557
5728	25116
320	19708
5634	25022
6592	25980
1734	21122
3628	23016
3453	22841
4994	24382
10237	29625
4177	23565
6589	25977
5571	24959
9886	29274
1126	20514
8196	27584
2183	21571
5990	25378
5099	24487
7810	27198
1466	20854
628	20016
8529	27917
6306	25694
4899	24287
6868	26256
2049	21437
3001	22389
10180	29568
10033	29421
1034	20422
5618	25006
1017	20405
1482	20870
315	19703
1189	20577
5847	25235
9226	28614
7009	26397
6705	26093
1409	20797
117	19505
2787	22175
7625	27013
2166	21554
2956	22344
8992	28380
4907	24295
9211	28599
7497	26885
3651	23039
6470	25858
10077	29465
6318	25706
583	19971
2301	21689
10345	29733
1654	21042
8386	27774
7239	26627
366	19754
4336	23724
528	19916
10036	29424
6361	25749
1947	21335
5473	24861
7311	26699
6630	26018
7867	27255
9384	28772
10488	29876
2621	22009
3601	22989
290	19678
5889	25277
5997	25385
7227	26615
8024	27412
8525	27913
989	20377
6232	25620
10277	29665
8604	27992
4430	23818
6990	26378
5441	24829
9130	28518
1645	21033
6348	25736
5649	25037
6427	25815
9972	29360
3162	22550
6204	25592
7885	27273
5682	25070
804	20192
9102	28490
168	19556
866	20254
1340	20728
7050	26438
403	19791
8076	27464
7488	26876
5560	24948
8408	27796
5885	25273
6776	26164
454	19842
9594	28982
7859	27247
2964	22352
661	20049
7397	26785
2388	21776
2104	21492
6124	25512
9147	28535
3762	23150
8642	28030
3025	22413
3929	23317
4207	23595
10396	29784
8121	27509
1892	21280
7132	26520
10340	29728
7075	26463
754	20142
182	19570
5423	24811
6777	26165
7657	27045
5273	24661
10224	29612
4355	23743
5120	24508
73	19461
2639	22027
3849	23237
3152	22540
8564	27952
10332	29720
475	19863
3029	22417
2094	21482
8376	27764
5206	24594
8402	27790
2162	21550
5569	24957
2062	21450
2315	21703
3406	22794
5764	25152
4563	23951
8126	27514
10120	29508
5619	25007
3975	23363
1296	20684
9474	28862
6529	25917
691	20079
7793	27181
6794	26182
6652	26040
4164	23552
6844	26232
2300	21688
1704	21092
8349	27737
6579	25967
2027	21415
4546	23934
739	20127
5068	24456
1236	20624
9144	28532
3070	22458
1983	21371
8252	27640
6547	25935
10371	29759
5361	24749
4447	23835
7663	27051
10088	29476
8260	27648
3468	22856
8059	27447
5635	25023
4825	24213
3232	22620
6927	26315
7958	27346
5641	25029
306	19694
8325	27713
7036	26424
4085	23473
7381	26769
484	19872
5421	24809
1265	20653
3478	22866
4757	24145
5223	24611
8824	28212
9802	29190
4976	24364
3033	22421
7169	26557
2321	21709
3262	22650
6948	26336
3741	23129
27	19415
239	19627
843	20231
947	20335
9114	28502
5730	25118
5638	25026
6100	25488
554	19942
5779	25167
9554	28942
9369	28757
24	19412
10383	29771
8160	27548
800	20188
4874	24262
9917	29305
5079	24467
5591	24979
5186	24574
4652	24040
8242	27630
5804	25192
3859	23247
6222	25610
112	19500
4629	24017
380	19768
1075	20463
9749	29137
5481	24869
293	19681
6654	26042
3622	23010
5776	25164
9964	29352
2233	21621
6738	26126
6602	25990
8896	28284
6545	25933
1688	21076
4357	23745
6093	25481
6906	26294
5708	25096
7118	26506
799	20187
331	19719
3820	23208
10176	29564
8064	27452
9581	28969
1811	21199
3214	22602
9617	29005
6023	25411
7537	26925
9645	29033
50	19438
6414	25802
1095	20483
4313	23701
2144	21532
9985	29373
2756	22144
6333	25721
2799	22187
1669	21057
5517	24905
1146	20534
9562	28950
3745	23133
5795	25183
3777	23165
1599	20987
2532	21920
7649	27037
9443	28831
5967	25355
6379	25767
4301	23689
8900	28288
2108	21496
6143	25531
10480	29868
10081	29469
10259	29647
6727	26115
8151	27539
3744	23132
7181	26569
5642	25030
4824	24212
8693	28081
7329	26717
4805	24193
1693	21081
8206	27594
938	20326
5243	24631
3716	23104
544	19932
5765	25153
8838	28226
1989	21377
5399	24787
1788	21176
8750	28138
18	19406
4090	23478
2330	21718
2982	22370
4902	24290
5564	24952
10129	29517
881	20269
2193	21581
3309	22697
4280	23668
4480	23868
10022	29410
1880	21268
2929	22317
556	19944
9836	29224
8142	27530
8268	27656
6404	25792
6420	25808
8522	27910
3652	23040
2650	22038
5350	24738
9116	28504
8071	27459
1349	20737
7031	26419
4687	24075
23	19411
8298	27686
5183	24571
9533	28921
46	19434
9505	28893
9438	28826
8784	28172
2759	22147
9460	28848
9011	28399
549	19937
4349	23737
1404	20792
1421	20809
5272	24660
3646	23034
9618	29006
1794	21182
5495	24883
2471	21859
2953	22341
2363	21751
9496	28884
4041	23429
7283	26671
7547	26935
7642	27030
5613	25001
165	19553
3464	22852
2973	22361
197	19585
8499	27887
4602	23990
512	19900
5364	24752
5250	24638
940	20328
2951	22339
5914	25302
3641	23029
3894	23282
188	19576
4835	24223
7149	26537
1154	20542
462	19850
3250	22638
633	20021
3763	23151
4387	23775
9743	29131
4329	23717
6631	26019
5610	24998
2931	22319
10230	29618
2257	21645
6226	25614
10097	29485
7221	26609
6332	25720
6513	25901
9623	29011
2928	22316
7297	26685
7957	27345
7076	26464
3497	22885
8929	28317
9429	28817
8854	28242
3889	23277
2859	22247
4267	23655
4230	23618
8885	28273
5357	24745
3089	22477
705	20093
8065	27453
5076	24464
1132	20520
2361	21749
3114	22502
1306	20694
7445	26833
9338	28726
6785	26173
1608	20996
3590	22978
6780	26168
7917	27305
10458	29846
7758	27146
7363	26751
9873	29261
93	19481
1600	20988
3037	22425
6501	25889
2007	21395
3349	22737
9020	28408
3830	23218
5767	25155
5944	25332
7449	26837
5430	24818
295	19683
4210	23598
5157	24545
7468	26856
974	20362
2689	22077
4640	24028
4818	24206
606	19994
7686	27074
4932	24320
8156	27544
1270	20658
6371	25759
1581	20969
2401	21789
2616	22004
118	19506
2311	21699
7969	27357
1739	21127
8001	27389
2961	22349
4244	23632
5832	25220
9862	29250
2378	21766
353	19741
9188	28576
9298	28686
3216	22604
1237	20625
483	19871
9668	29056
65	19453
8185	27573
8289	27677
3885	23273
8602	27990
3146	22534
2240	21628
4219	23607
9274	28662
9694	29082
8506	27894
8726	28114
5258	24646
7575	26963
3376	22764
1036	20424
4686	24074
6085	25473
5276	24664
2831	22219
6426	25814
5626	25014
8964	28352
1369	20757
4249	23637
1367	20755
591	19979
4841	24229
7256	26644
645	20033
4711	24099
2129	21517
7694	27082
920	20308
9792	29180
6915	26303
7300	26688
76	19464
4391	23779
9835	29223
9550	28938
8163	27551
693	20081
2464	21852
9593	28981
1138	20526
8689	28077
6832	26220
8748	28136
2590	21978
1919	21307
437	19825
5337	24725
2268	21656
3946	23334
4589	23977
8906	28294
6290	25678
1903	21291
4778	24166
7734	27122
8474	27862
9281	28669
7849	27237
8812	28200
907	20295
10241	29629
3639	23027
4426	23814
3122	22510
9322	28710
1212	20600
4276	23664
2435	21823
9715	29103
10115	29503
2921	22309
9473	28861
4427	23815
10330	29718
3510	22898
6122	25510
1632	21020
4857	24245
9615	29003
9656	29044
4935	24323
4413	23801
2446	21834
6528	25916
2792	22180
10321	29709
7556	26944
6132	25520
9696	29084
3454	22842
439	19827
7856	27244
6473	25861
9541	28929
6071	25459
8312	27700
3811	23199
8095	27483
8654	28042
6590	25978
7457	26845
7310	26698
9468	28856
3112	22500
2878	22266
3233	22621
7984	27372
9124	28512
2643	22031
5706	25094
10315	29703
931	20319
266	19654
9966	29354
6060	25448
4536	23924
476	19864
9580	28968
7643	27031
6030	25418
7160	26548
7151	26539
3635	23023
7360	26748
3971	23359
7890	27278
4618	24006
4724	24112
1635	21023
7571	26959
4679	24067
2985	22373
3277	22665
7582	26970
2222	21610
1543	20931
2564	21952
3573	22961
8184	27572
1934	21322
9206	28594
5606	24994
4260	23648
1671	21059
4278	23666
8070	27458
5084	24472
7016	26404
5816	25204
10406	29794
9297	28685
6662	26050
7744	27132
2718	22106
1687	21075
6231	25619
1464	20852
2721	22109
3055	22443
6359	25747
6389	25777
7819	27207
9671	29059
1418	20806
7341	26729
3624	23012
7129	26517
5286	24674
5077	24465
6329	25717
4178	23566
3666	23054
8247	27635
7098	26486
116	19504
9264	28652
10335	29723
9332	28720
4951	24339
7486	26874
3240	22628
9843	29231
3287	22675
4950	24338
94	19482
184	19572
200	19588
6845	26233
8800	28188
30	19418
3499	22887
8935	28323
3134	22522
7337	26725
1631	21019
1293	20681
7177	26565
8169	27557
6098	25486
10323	29711
5718	25106
3773	23161
1674	21062
5059	24447
84	19472
1450	20838
6117	25505
7990	27378
9819	29207
4226	23614
4475	23863
2122	21510
6846	26234
2092	21480
3668	23056
2390	21778
6912	26300
5919	25307
563	19951
2379	21767
3559	22947
6998	26386
6212	25600
6367	25755
9735	29123
274	19662
9222	28610
8130	27518
1710	21098
4032	23420
2530	21918
9995	29383
790	20178
5373	24761
5544	24932
3581	22969
1611	20999
1069	20457
9513	28901
885	20273
6734	26122
2811	22199
3345	22733
2434	21822
2581	21969
3908	23296
463	19851
5207	24595
3898	23286
6164	25552
5352	24740
8039	27427
9368	28756
1399	20787
10250	29638
750	20138
2691	22079
535	19923
5623	25011
545	19933
5048	24436
7469	26857
8124	27512
3434	22822
2281	21669
6689	26077
8837	28225
8174	27562
2518	21906
6701	26089
