8533	28347
3531	23345
2265	22079
2060	21874
9477	29291
6060	25874
7941	27755
459	20273
8804	28618
8428	28242
6635	26449
9480	29294
9632	29446
5246	25060
2199	22013
8902	28716
6705	26519
3049	22863
1704	21518
10434	30248
118	19932
5493	25307
1904	21718
5110	24924
3292	23106
7932	27746
10259	30073
524	20338
9445	29259
5738	25552
4359	24173
2899	22713
6050	25864
1863	21677
5419	25233
9138	28952
9567	29381
3060	22874
7877	27691
3561	23375
9892	29706
761	20575
312	20126
386	20200
6142	25956
4767	24581
10087	29901
8637	28451
3065	22879
6064	25878
8967	28781
7415	27229
793	20607
8521	28335
9839	29653
8835	28649
4714	24528
9298	29112
9334	29148
2457	22271
7841	27655
9794	29608
10493	30307
9492	29306
6272	26086
8634	28448
6026	25840
4453	24267
3482	23296
9953	29767
2620	22434
9688	29502
7191	27005
4271	24085
1726	21540
2088	21902
6113	25927
3596	23410
93	19907
7066	26880
2641	22455
1777	21591
3277	23091
9158	28972
492	20306
4743	24557
744	20558
4612	24426
9374	29188
5475	25289
1683	21497
3695	23509
10018	29832
8117	27931
10447	30261
7762	27576
7016	26830
9134	28948
4791	24605
5813	25627
1767	21581
1603	21417
8703	28517
10298	30112
7707	27521
6992	26806
8801	28615
2045	21859
3190	23004
90	19904
1034	20848
1367	21181
3546	23360
3595	23409
8819	28633
1724	21538
2853	22667
7451	27265
1323	21137
9784	29598
6133	25947
3061	22875
2601	22415
2986	22800
1758	21572
603	20417
9856	29670
7585	27399
6405	26219
5074	24888
9624	29438
10195	30009
3423	23237
8274	28088
2887	22701
1578	21392
961	20775
1520	21334
6813	26627
3178	22992
976	20790
7863	27677
9484	29298
923	20737
298	20112
8894	28708
6245	26059
3167	22981
6207	26021
8070	27884
345	20159
3077	22891
7173	26987
4215	24029
5589	25403
776	20590
10286	30100
4907	24721
6866	26680
5455	25269
6630	26444
799	20613
8683	28497
3513	23327
2113	21927
5714	25528
7440	27254
5561	25375
8884	28698
1679	21493
4780	24594
841	20655
2400	22214
3928	23742
9419	29233
8787	28601
247	20061
9497	29311
1205	21019
3830	23644
1977	21791
5751	25565
1733	21547
3088	22902
8083	27897
508	20322
1629	21443
7519	27333
7209	27023
10270	30084
1515	21329
362	20176
7714	27528
9117	28931
5487	25301
104	19918
7123	26937
1581	21395
3900	23714
7459	27273
9055	28869
4090	23904
8100	27914
4437	24251
8618	28432
4388	24202
6896	26710
2074	21888
6867	26681
7687	27501
3663	23477
7828	27642
3884	23698
125	19939
3691	23505
8447	28261
6342	26156
4843	24657
5711	25525
3227	23041
10057	29871
950	20764
4594	24408
3872	23686
3120	22934
3929	23743
3153	22967
5853	25667
4175	23989
1987	21801
10497	30311
5085	24899
143	19957
3082	22896
1129	20943
7235	27049
1886	21700
3137	22951
2021	21835
4102	23916
1868	21682
8397	28211
4808	24622
9215	29029
7295	27109
10004	29818
8382	28196
2500	22314
9054	28868
4990	24804
4257	24071
5792	25606
3285	23099
638	20452
3560	23374
1101	20915
9377	29191
2097	21911
9280	29094
2998	22812
2010	21824
5080	24894
541	20355
1975	21789
5786	25600
10340	30154
7776	27590
1219	21033
8050	27864
4806	24620
4389	24203
5927	25741
4473	24287
6499	26313
3774	23588
7309	27123
3424	23238
1092	20906
3734	23548
8652	28466
9186	29000
3739	23553
5208	25022
8094	27908
2324	22138
4573	24387
9648	29462
2495	22309
3275	23089
8109	27923
2106	21920
10430	30244
7212	27026
9171	28985
1476	21290
10173	29987
10136	29950
888	20702
673	20487
6573	26387
3564	23378
6241	26055
5069	24883
1416	21230
4945	24759
8368	28182
3074	22888
2635	22449
9810	29624
3803	23617
2791	22605
3775	23589
2895	22709
6654	26468
9289	29103
6480	26294
10138	29952
6874	26688
4500	24314
7561	27375
4446	24260
6495	26309
7168	26982
4369	24183
9970	29784
9345	29159
1693	21507
6884	26698
4212	24026
2255	22069
7708	27522
6479	26293
8295	28109
7137	26951
471	20285
8639	28453
7482	27296
443	20257
5166	24980
8558	28372
6943	26757
2640	22454
789	20603
8805	28619
8213	28027
5610	25424
9955	29769
7073	26887
9673	29487
4730	24544
9605	29419
1814	21628
8199	28013
4520	24334
6040	25854
5261	25075
3960	23774
3521	23335
3737	23551
6981	26795
5970	25784
1525	21339
9308	29122
6122	25936
8491	28305
9514	29328
1875	21689
7336	27150
6466	26280
1385	21199
1410	21224
9198	29012
7949	27763
2332	22146
4551	24365
1406	21220
7185	26999
5894	25708
902	20716
5040	24854
4775	24589
8545	28359
3453	23267
7814	27628
4057	23871
2937	22751
3996	23810
816	20630
3249	23063
987	20801
6504	26318
5543	25357
7388	27202
6270	26084
8334	28148
2847	22661
9340	29154
10388	30202
4220	24034
6757	26571
3079	22893
4522	24336
7169	26983
7432	27246
2939	22753
1985	21799
4666	24480
5814	25628
5025	24839
5269	25083
2316	22130
9530	29344
6840	26654
9547	29361
5677	25491
1462	21276
260	20074
1232	21046
528	20342
5273	25087
9663	29477
6501	26315
1336	21150
5285	25099
8906	28720
10204	30018
6340	26154
8596	28410
667	20481
5346	25160
251	20065
9945	29759
3312	23126
919	20733
4992	24806
1618	21432
7507	27321
2516	22330
4342	24156
10134	29948
1028	20842
9798	29612
7547	27361
5201	25015
6580	26394
5339	25153
10445	30259
6322	26136
353	20167
9968	29782
7408	27222
1614	21428
7631	27445
8580	28394
3971	23785
2157	21971
5243	25057
1668	21482
4338	24152
2568	22382
1424	21238
2666	22480
5889	25703
10030	29844
1740	21554
5835	25649
48	19862
5721	25535
5406	25220
9720	29534
8589	28403
4430	24244
9143	28957
3527	23341
4548	24362
4699	24513
8520	28334
9201	29015
6832	26646
6028	25842
6004	25818
5496	25310
8817	28631
8277	28091
6029	25843
1153	20967
6923	26737
3859	23673
10065	29879
855	20669
9611	29425
3896	23710
8455	28269
3181	22995
1870	21684
4498	24312
3358	23172
1507	21321
9299	29113
3821	23635
1858	21672
7610	27424
7628	27442
6306	26120
10357	30171
7329	27143
9328	29142
1892	21706
8183	27997
9409	29223
8396	28210
3505	23319
6200	26014
9656	29470
6584	26398
5217	25031
1182	20996
8726	28540
2815	22629
2936	22750
9286	29100
3083	22897
2118	21932
8208	28022
6810	26624
4710	24524
4222	24036
9153	28967
5024	24838
7327	27141
6556	26370
3136	22950
4647	24461
2439	22253
7964	27778
5234	25048
7076	26890
6290	26104
903	20717
2980	22794
7031	26845
7072	26886
857	20671
3276	23090
134	19948
10115	29929
2326	22140
3478	23292
2100	21914
4931	24745
5187	25001
6259	26073
5560	25374
195	20009
3243	23057
660	20474
2116	21930
5662	25476
6806	26620
850	20664
2059	21873
536	20350
5324	25138
2646	22460
9900	29714
7527	27341
1576	21390
1074	20888
8672	28486
2875	22689
7937	27751
5333	25147
228	20042
2231	22045
9316	29130
2464	22278
9586	29400
1260	21074
927	20741
4577	24391
3891	23705
7104	26918
703	20517
58	19872
6939	26753
8362	28176
10438	30252
391	20205
376	20190
8658	28472
8099	27913
8995	28809
809	20623
4246	24060
7008	26822
10045	29859
8287	28101
3213	23027
4074	23888
6587	26401
4655	24469
1271	21085
4906	24720
3674	23488
3962	23776
1098	20912
3681	23495
3313	23127
1494	21308
1738	21552
5771	25585
2158	21972
6590	26404
5266	25080
10145	29959
4400	24214
6522	26336
1091	20905
8556	28370
6374	26188
1277	21091
9695	29509
7419	27233
1678	21492
7364	27178
2148	21962
9689	29503
99	19913
5454	25268
2745	22559
6602	26416
9467	29281
6860	26674
4854	24668
7359	27173
2845	22659
50	19864
3665	23479
8339	28153
9361	29175
223	20037
1443	21257
3799	23613
5809	25623
4988	24802
3218	23032
4625	24439
212	20026
6909	26723
5097	24911
4428	24242
5789	25603
1955	21769
6802	26616
5531	25345
10431	30245
1926	21740
496	20310
3329	23143
4397	24211
6634	26448
5564	25378
6505	26319
2350	22164
2929	22743
8032	27846
2789	22603
9804	29618
9336	29150
6936	26750
2963	22777
4091	23905
9482	29296
6950	26764
9230	29044
3670	23484
4275	24089
8297	28111
9049	28863
4761	24575
6599	26413
1969	21783
1844	21658
6760	26574
3333	23147
2897	22711
156	19970
1304	21118
2889	22703
206	20020
8268	28082
3047	22861
2865	22679
7140	26954
8746	28560
6680	26494
9065	28879
6955	26769
1906	21720
9732	29546
8006	27820
8881	28695
5305	25119
3620	23434
6720	26534
3020	22834
1068	20882
654	20468
8616	28430
9960	29774
2932	22746
8454	28268
1241	21055
4100	23914
9439	29253
3398	23212
9123	28937
3524	23338
7930	27744
4494	24308
2127	21941
7276	27090
9287	29101
8048	27862
6645	26459
4217	24031
8534	28348
5525	25339
10148	29962
9285	29099
2216	22030
8442	28256
4125	23939
977	20791
1639	21453
5370	25184
6673	26487
8578	28392
3833	23647
3124	22938
938	20752
1612	21426
5858	25672
8419	28233
9719	29533
342	20156
10361	30175
6097	25911
5890	25704
1169	20983
3145	22959
8733	28547
2206	22020
5182	24996
4390	24204
9236	29050
1111	20925
8217	28031
10092	29906
3619	23433
381	20195
6267	26081
3129	22943
4682	24496
8472	28286
552	20366
5461	25275
9051	28865
718	20532
6875	26689
7245	27059
9866	29680
5433	25247
3036	22850
428	20242
915	20729
9544	29358
2278	22092
9172	28986
9037	28851
9490	29304
5787	25601
5750	25564
4955	24769
3523	23337
9093	28907
1592	21406
6431	26245
5159	24973
4591	24405
5673	25487
4844	24658
951	20765
1686	21500
1130	20944
2189	22003
4619	24433
4973	24787
3334	23148
3887	23701
3506	23320
8998	28812
2683	22497
7328	27142
4589	24403
9429	29243
7151	26965
9699	29513
8107	27921
5631	25445
77	19891
9555	29369
3401	23215
6445	26259
9937	29751
1387	21201
9918	29732
4310	24124
8937	28751
8575	28389
8093	27907
3999	23813
9401	29215
6644	26458
4208	24022
8381	28195
5418	25232
5743	25557
4510	24324
1948	21762
9846	29660
4600	24414
2330	22144
10264	30078
5639	25453
2902	22716
3811	23625
2321	22135
8842	28656
2487	22301
6877	26691
6986	26800
5394	25208
9756	29570
10335	30149
3673	23487
8525	28339
3851	23665
7620	27434
7560	27374
9626	29440
2953	22767
1691	21505
417	20231
10	19824
4693	24507
4519	24333
1779	21593
5565	25379
3231	23045
1937	21751
8220	28034
9	19823
3571	23385
964	20778
5012	24826
124	19938
4758	24572
7051	26865
7260	27074
3328	23142
10420	30234
5572	25386
6698	26512
717	20531
5463	25277
5644	25458
1992	21806
6776	26590
1014	20828
683	20497
9933	29747
9427	29241
3789	23603
3144	22958
5519	25333
854	20668
8386	28200
5156	24970
7524	27338
1477	21291
6361	26175
1237	21051
8641	28455
8067	27881
8020	27834
2707	22521
1739	21553
9113	28927
3868	23682
1168	20982
9405	29219
181	19995
4393	24207
7048	26862
437	20251
5547	25361
8857	28671
6711	26525
9869	29683
6652	26466
9476	29290
9391	29205
1569	21383
3210	23024
3373	23187
8318	28132
6994	26808
6227	26041
2834	22648
3267	23081
9371	29185
9204	29018
5597	25411
3711	23525
8588	28402
5414	25228
4153	23967
7940	27754
514	20328
4080	23894
5992	25806
240	20054
2249	22063
1962	21776
6926	26740
3099	22913
2891	22705
282	20096
2731	22545
4820	24634
2997	22811
1657	21471
9072	28886
5188	25002
1362	21176
2137	21951
6517	26331
8115	27929
6563	26377
2063	21877
5357	25171
5780	25594
5799	25613
7920	27734
9306	29120
3323	23137
8042	27856
6971	26785
6801	26615
2733	22547
2639	22453
2466	22280
993	20807
10230	30044
4723	24537
6747	26561
3455	23269
3606	23420
3467	23281
3806	23620
8461	28275
685	20499
7913	27727
3410	23224
8972	28786
7146	26960
9797	29611
2722	22536
9146	28960
8907	28721
9868	29682
9946	29760
8014	27828
7271	27085
196	20010
2094	21908
7157	26971
9441	29255
9379	29193
8304	28118
7693	27507
10244	30058
3577	23391
3063	22877
1609	21423
9229	29043
4837	24651
6294	26108
3519	23333
