5933	25594
9454	29115
6156	25817
6363	26024
4692	24353
4514	24175
2694	22355
2688	22349
8242	27903
8495	28156
3654	23315
4849	24510
2779	22440
6384	26045
7717	27378
2297	21958
6078	25739
6336	25997
6018	25679
8107	27768
2311	21972
7890	27551
10390	30051
4468	24129
5061	24722
2976	22637
5699	25360
8858	28519
6369	26030
1464	21125
8620	28281
9290	28951
2062	21723
9091	28752
2628	22289
338	19999
5855	25516
2547	22208
2104	21765
9254	28915
9965	29626
7525	27186
8128	27789
10223	29884
1037	20698
1342	21003
651	20312
9563	29224
5798	25459
6682	26343
9116	28777
2302	21963
10199	29860
555	20216
3960	23621
2500	22161
1941	21602
3359	23020
2525	22186
7606	27267
6279	25940
275	19936
3737	23398
1429	21090
8629	28290
10346	30007
7244	26905
6829	26490
1206	20867
3213	22874
1546	21207
8632	28293
4909	24570
3891	23552
8663	28324
6159	25820
2804	22465
1324	20985
3099	22760
8617	28278
4020	23681
2376	22037
1150	20811
7068	26729
8204	27865
1435	21096
212	19873
1622	21283
3278	22939
7150	26811
5208	24869
259	19920
9449	29110
2487	22148
7350	27011
3680	23341
723	20384
6722	26383
144	19805
6549	26210
4779	24440
1288	20949
1783	21444
7516	27177
7246	26907
3924	23585
1475	21136
6046	25707
10490	30151
8734	28395
4354	24015
1453	21114
6728	26389
556	20217
3812	23473
7229	26890
1991	21652
3429	23090
5894	25555
1790	21451
94	19755
3511	23172
7508	27169
909	20570
9814	29475
6213	25874
3387	23048
2438	22099
2805	22466
4872	24533
6354	26015
10044	29705
9012	28673
1428	21089
183	19844
3982	23643
4910	24571
3769	23430
427	20088
2577	22238
2234	21895
2022	21683
6773	26434
7302	26963
3250	22911
9428	29089
10043	29704
5432	25093
1505	21166
5075	24736
8615	28276
766	20427
1737	21398
4656	24317
10023	29684
8882	28543
5263	24924
2380	22041
3026	22687
1119	20780
2372	22033
7438	27099
9419	29080
3550	23211
1218	20879
769	20430
6400	26061
4091	23752
3752	23413
1908	21569
1397	21058
10339	30000
5235	24896
10284	29945
2712	22373
424	20085
5631	25292
1746	21407
4806	24467
866	20527
3473	23134
9952	29613
2505	22166
1333	20994
7328	26989
8177	27838
7007	26668
2420	22081
3919	23580
227	19888
5336	24997
5435	25096
6371	26032
969	20630
3119	22780
2260	21921
1697	21358
10167	29828
10160	29821
5488	25149
6908	26569
3417	23078
1882	21543
5981	25642
7851	27512
1500	21161
46	19707
6788	26449
6707	26368
6754	26415
8119	27780
790	20451
9166	28827
1359	21020
4274	23935
7066	26727
5645	25306
1657	21318
9155	28816
279	19940
8651	28312
2542	22203
6252	25913
7568	27229
8158	27819
5606	25267
5376	25037
5634	25295
523	20184
10485	30146
2581	22242
4031	23692
8162	27823
5513	25174
3035	22696
4850	24511
8619	28280
485	20146
9636	29297
7357	27018
9614	29275
6868	26529
1976	21637
5956	25617
5450	25111
24	19685
1955	21616
7447	27108
3305	22966
6088	25749
745	20406
5941	25602
3178	22839
9579	29240
10411	30072
2801	22462
1050	20711
9675	29336
9586	29247
4124	23785
8096	27757
5566	25227
5831	25492
3125	22786
7689	27350
2285	21946
5009	24670
160	19821
9828	29489
4236	23897
5582	25243
1531	21192
5439	25100
7013	26674
5312	24973
9444	29105
840	20501
8893	28554
359	20020
7657	27318
5516	25177
7404	27065
3708	23369
5081	24742
6037	25698
8174	27835
8476	28137
9303	28964
642	20303
2844	22505
7814	27475
3223	22884
8046	27707
6975	26636
7043	26704
3505	23166
5258	24919
7603	27264
6534	26195
1243	20904
7128	26789
8503	28164
3025	22686
7584	27245
1990	21651
10104	29765
9931	29592
3171	22832
1085	20746
6661	26322
9183	28844
2224	21885
3351	23012
9948	29609
5688	25349
3225	22886
5946	25607
6931	26592
8362	28023
2796	22457
2704	22365
9957	29618
4224	23885
203	19864
1002	20663
2442	22103
1138	20799
2008	21669
1700	21361
1363	21024
7488	27149
8643	28304
2290	21951
10351	30012
8169	27830
884	20545
3006	22667
5891	25552
9320	28981
6194	25855
6901	26562
1830	21491
9167	28828
5674	25335
9045	28706
9827	29488
7144	26805
5006	24667
3804	23465
1659	21320
810	20471
7625	27286
5365	25026
5913	25574
1377	21038
7587	27248
6093	25754
2294	21955
8916	28577
5359	25020
3164	22825
41	19702
6395	26056
3621	23282
1153	20814
7336	26997
5070	24731
9703	29364
2313	21974
946	20607
7337	26998
5782	25443
6974	26635
4297	23958
3435	23096
9090	28751
693	20354
9332	28993
3524	23185
3918	23579
3847	23508
8192	27853
4119	23780
10460	30121
2502	22163
8109	27770
2716	22377
2792	22453
3715	23376
9801	29462
2253	21914
8172	27833
6626	26287
4283	23944
8871	28532
9063	28724
48	19709
2481	22142
8755	28416
4324	23985
10271	29932
10184	29845
10434	30095
7688	27349
1942	21603
4351	24012
301	19962
7256	26917
4160	23821
8035	27696
8953	28614
2974	22635
8948	28609
8778	28439
990	20651
9761	29422
4305	23966
5591	25252
3048	22709
10234	29895
3487	23148
2753	22414
2610	22271
4066	23727
8949	28610
1283	20944
7116	26777
3821	23482
2099	21760
5735	25396
1393	21054
9083	28744
8862	28523
851	20512
3234	22895
7658	27319
1083	20744
8285	27946
2187	21848
8700	28361
510	20171
8537	28198
12	19673
9837	29498
1739	21400
3132	22793
9974	29635
7445	27106
4576	24237
5784	25445
1201	20862
6425	26086
5418	25079
4743	24404
852	20513
390	20051
9334	28995
8148	27809
10052	29713
6851	26512
10159	29820
7363	27024
2966	22627
4276	23937
896	20557
4493	24154
1886	21547
9709	29370
5539	25200
7563	27224
3175	22836
8460	28121
2750	22411
10251	29912
539	20200
7022	26683
187	19848
1402	21063
4987	24648
10471	30132
10075	29736
3117	22778
1217	20878
4629	24290
2362	22023
7146	26807
10292	29953
5604	25265
1242	20903
3713	23374
8367	28028
4282	23943
3449	23110
1527	21188
7936	27597
7687	27348
10179	29840
4210	23871
5989	25650
3089	22750
1811	21472
8087	27748
3291	22952
542	20203
7592	27253
4591	24252
2655	22316
7596	27257
9311	28972
6880	26541
9004	28665
6016	25677
5161	24822
5551	25212
3206	22867
4057	23718
1101	20762
3173	22834
8752	28413
7955	27616
9263	28924
7920	27581
3657	23318
8563	28224
1144	20805
9922	29583
7440	27101
583	20244
6352	26013
2341	22002
7466	27127
1810	21471
6522	26183
3536	23197
9631	29292
6813	26474
2371	22032
554	20215
5333	24994
5650	25311
8855	28516
6191	25852
3655	23316
2917	22578
7763	27424
10076	29737
3158	22819
5265	24926
584	20245
5273	24934
10440	30101
1544	21205
110	19771
695	20356
4572	24233
4438	24099
2066	21727
4696	24357
1238	20899
5260	24921
34	19695
8491	28152
5972	25633
3533	23194
8042	27703
9213	28874
5884	25545
3084	22745
7012	26673
9163	28824
1188	20849
9054	28715
3096	22757
1937	21598
2984	22645
6022	25683
8283	27944
3386	23047
2855	22516
4942	24603
3293	22954
3884	23545
1495	21156
5901	25562
9594	29255
2304	21965
8534	28195
7949	27610
3491	23152
2979	22640
9562	29223
7730	27391
8897	28558
2092	21753
5843	25504
670	20331
8683	28344
8441	28102
703	20364
5175	24836
383	20044
8122	27783
968	20629
9823	29484
3450	23111
5491	25152
6902	26563
5410	25071
6491	26152
9651	29312
2833	22494
1696	21357
5569	25230
2134	21795
3097	22758
4452	24113
5687	25348
5469	25130
7185	26846
10396	30057
6139	25800
9739	29400
7226	26887
8051	27712
4110	23771
1408	21069
7934	27595
10254	29915
4628	24289
2001	21662
4994	24655
8772	28433
10354	30015
464	20125
196	19857
3994	23655
543	20204
9891	29552
1134	20795
8078	27739
6839	26500
6195	25856
5325	24986
6817	26478
8326	27987
8166	27827
952	20613
1130	20791
5992	25653
5892	25553
9342	29003
6224	25885
10334	29995
4447	24108
333	19994
976	20637
2267	21928
6123	25784
3961	23622
2375	22036
1666	21327
7221	26882
413	20074
8528	28189
2078	21739
9099	28760
4120	23781
10033	29694
9292	28953
7	19668
4423	24084
8695	28356
5470	25131
9807	29468
9	19670
3190	22851
6673	26334
4836	24497
747	20408
3746	23407
3963	23624
2123	21784
356	20017
7806	27467
3977	23638
6866	26527
4450	24111
8600	28261
2786	22447
2879	22540
998	20659
5630	25291
9774	29435
5326	24987
9960	29621
2339	22000
2598	22259
290	19951
3384	23045
3973	23634
903	20564
9619	29280
8546	28207
2135	21796
3648	23309
10286	29947
8153	27814
3169	22830
10461	30122
8258	27919
7979	27640
7580	27241
5681	25342
6819	26480
6779	26440
3047	22708
9125	28786
1164	20825
7467	27128
8023	27684
4109	23770
9516	29177
5931	25592
10327	29988
4331	23992
2168	21829
3009	22670
8454	28115
6671	26332
1926	21587
9573	29234
3955	23616
9041	28702
7159	26820
2691	22352
5132	24793
4336	23997
8478	28139
10265	29926
3639	23300
5806	25467
9692	29353
466	20127
1668	21329
7968	27629
6732	26393
3405	23066
6858	26519
8866	28527
2785	22446
3910	23571
6830	26491
10333	29994
6190	25851
10444	30105
2908	22569
1979	21640
881	20542
9132	28793
4714	24375
2243	21904
4783	24444
5395	25056
1945	21606
5476	25137
2449	22110
7863	27524
7132	26793
10206	29867
7674	27335
7063	26724
7006	26667
5859	25520
7904	27565
7665	27326
2203	21864
1380	21041
4838	24499
8915	28576
8792	28453
4950	24611
8386	28047
9294	28955
9854	29515
4782	24443
2160	21821
8526	28187
4223	23884
9635	29296
9897	29558
6348	26009
9667	29328
2201	21862
8271	27932
8730	28391
6784	26445
9209	28870
744	20405
2795	22456
2811	22472
7396	27057
4397	24058
7049	26710
4851	24512
8249	27910
9896	29557
8381	28042
1079	20740
10186	29847
8355	28016
8899	28560
869	20530
1065	20726
2479	22140
1208	20869
1587	21248
513	20174
6542	26203
7555	27216
9945	29606
7353	27014
3012	22673
5836	25497
7206	26867
1785	21446
9274	28935
9912	29573
5965	25626
315	19976
2190	21851
5148	24809
2106	21767
6424	26085
6570	26231
2569	22230
4996	24657
960	20621
8347	28008
1651	21312
7301	26962
8232	27893
3666	23327
2690	22351
8129	27790
6099	25760
1634	21295
637	20298
7073	26734
2891	22552
6618	26279
416	20077
1570	21231
4157	23818
3996	23657
252	19913
1573	21234
5196	24857
7610	27271
734	20395
5745	25406
3794	23455
6411	26072
2277	21938
4089	23750
1762	21423
4073	23734
3686	23347
7967	27628
9533	29194
8796	28457
1999	21660
682	20343
8582	28243
947	20608
6939	26600
2125	21786
8773	28434
4021	23682
3892	23553
9661	29322
2776	22437
2038	21699
4766	24427
4381	24042
6753	26414
7503	27164
20	19681
9743	29404
1486	21147
3763	23424
4937	24598
4901	24562
2103	21764
3958	23619
4580	24241
1299	20960
7845	27506
10050	29711
7017	26678
702	20363
507	20168
405	20066
2992	22653
1873	21534
2995	22656
2306	21967
6590	26251
2592	22253
9128	28789
7033	26694
9350	29011
7601	27262
6376	26037
9633	29294
2662	22323
6944	26605
7263	26924
2778	22439
1994	21655
8798	28459
7547	27208
6631	26292
1603	21264
611	20272
7829	27490
2401	22062
10239	29900
4822	24483
6404	26065
1917	21578
7316	26977
8638	28299
1399	21060
5236	24897
9904	29565
1661	21322
5407	25068
8569	28230
5935	25596
9605	29266
100	19761
1904	21565
8938	28599
4478	24139
9603	29264
1844	21505
8607	28268
1778	21439
5964	25625
8983	28644
951	20612
10401	30062
8688	28349
126	19787
2419	22080
6862	26523
4326	23987
8827	28488
5016	24677
5686	25347
3275	22936
2490	22151
8470	28131
5648	25309
6330	25991
9040	28701
1801	21462
9061	28722
10227	29888
4635	24296
5387	25048
10010	29671
3210	22871
3185	22846
5732	25393
4198	23859
9989	29650
8545	28206
5382	25043
3773	23434
5531	25192
4526	24187
3902	23563
5351	25012
9572	29233
152	19813
2488	22149
8062	27723
4374	24035
474	20135
1459	21120
3617	23278
794	20455
7960	27621
9471	29132
1798	21459
7971	27632
4889	24550
5532	25193
8794	28455
