8850	28238
5674	25062
8202	27590
323	19711
8678	28066
450	19838
372	19760
2113	21501
407	19795
6982	26370
495	19883
5791	25179
6405	25793
2876	22264
1062	20450
5184	24572
7315	26703
557	19945
9555	28943
5518	24906
4397	23785
3797	23185
3770	23158
10498	29886
8305	27693
1985	21373
2514	21902
8260	27648
6989	26377
416	19804
6649	26037
2416	21804
2826	22214
9314	28702
3057	22445
2561	21949
6891	26279
3973	23361
8969	28357
2431	21819
7054	26442
2971	22359
1157	20545
9560	28948
2903	22291
10308	29696
8982	28370
359	19747
3387	22775
233	19621
3789	23177
9595	28983
6638	26026
1382	20770
1052	20440
4878	24266
1793	21181
490	19878
7888	27276
637	20025
6374	25762
295	19683
6545	25933
4829	24217
322	19710
205	19593
6205	25593
6900	26288
3301	22689
1428	20816
9664	29052
9376	28764
9815	29203
6039	25427
6867	26255
6848	26236
4377	23765
4936	24324
1840	21228
7062	26450
6230	25618
6810	26198
7890	27278
5321	24709
4785	24173
6598	25986
7311	26699
4083	23471
3894	23282
3022	22410
4955	24343
521	19909
1694	21082
5479	24867
9908	29296
9905	29293
7753	27141
9250	28638
6524	25912
3692	23080
7261	26649
1591	20979
3980	23368
9299	28687
7797	27185
4659	24047
1349	20737
3518	22906
831	20219
843	20231
9964	29352
5829	25217
4208	23596
9385	28773
9221	28609
8451	27839
3935	23323
3906	23294
3091	22479
10079	29467
1243	20631
8694	28082
6327	25715
2803	22191
5258	24646
10447	29835
2348	21736
4394	23782
5843	25231
3703	23091
3	19391
701	20089
9774	29162
5492	24880
2347	21735
8789	28177
294	19682
7395	26783
3671	23059
6485	25873
4292	23680
3853	23241
6092	25480
7133	26521
303	19691
6002	25390
10107	29495
5886	25274
4075	23463
218	19606
3888	23276
8757	28145
8366	27754
1634	21022
783	20171
2721	22109
8466	27854
8719	28107
9726	29114
5755	25143
541	19929
7602	26990
8998	28386
6975	26363
3641	23029
5751	25139
3624	23012
2171	21559
10149	29537
5098	24486
7020	26408
6897	26285
6210	25598
7698	27086
8007	27395
1098	20486
6088	25476
5904	25292
289	19677
3249	22637
8395	27783
8885	28273
3639	23027
716	20104
4749	24137
5569	24957
925	20313
1512	20900
7669	27057
8233	27621
8785	28173
7178	26566
9775	29163
432	19820
8460	27848
4032	23420
8590	27978
4720	24108
10481	29869
1758	21146
2344	21732
6001	25389
8353	27741
5079	24467
3562	22950
3404	22792
9581	28969
10355	29743
10110	29498
9963	29351
5660	25048
9126	28514
8744	28132
3002	22390
343	19731
7164	26552
8845	28233
4128	23516
5143	24531
6948	26336
1379	20767
718	20106
2403	21791
7388	26776
6976	26364
6353	25741
7009	26397
9869	29257
8559	27947
328	19716
2703	22091
4885	24273
2515	21903
1530	20918
7147	26535
6718	26106
2731	22119
9487	28875
5706	25094
895	20283
3385	22773
1201	20589
2805	22193
6820	26208
917	20305
8102	27490
1639	21027
1151	20539
3275	22663
4355	23743
9002	28390
6361	25749
2275	21663
5998	25386
7782	27170
790	20178
6748	26136
534	19922
5229	24617
4002	23390
1131	20519
1844	21232
4642	24030
7153	26541
1990	21378
4244	23632
1209	20597
6146	25534
516	19904
3178	22566
9813	29201
2250	21638
6143	25531
10035	29423
5222	24610
10484	29872
1819	21207
4872	24260
3008	22396
752	20140
8112	27500
1521	20909
110	19498
5239	24627
8107	27495
4957	24345
3698	23086
4045	23433
3269	22657
9068	28456
4540	23928
7882	27270
10361	29749
633	20021
3517	22905
4979	24367
4374	23762
2009	21397
5837	25225
1251	20639
9026	28414
2382	21770
9200	28588
751	20139
5469	24857
3219	22607
5983	25371
2	19390
8270	27658
7304	26692
781	20169
7813	27201
671	20059
4272	23660
6014	25402
10167	29555
4982	24370
9988	29376
8066	27454
2406	21794
9449	28837
449	19837
2466	21854
793	20181
8002	27390
5572	24960
6120	25508
6625	26013
4972	24360
2710	22098
9205	28593
7694	27082
6597	25985
3260	22648
2624	22012
660	20048
6956	26344
9852	29240
2789	22177
950	20338
9479	28867
1549	20937
908	20296
6340	25728
2884	22272
2013	21401
5637	25025
4837	24225
8846	28234
8784	28172
7033	26421
2202	21590
8899	28287
4434	23822
5824	25212
6926	26314
9691	29079
9870	29258
10024	29412
2776	22164
2995	22383
1697	21085
4506	23894
9265	28653
9930	29318
4121	23509
2606	21994
7604	26992
9976	29364
132	19520
7121	26509
1872	21260
1434	20822
3236	22624
1353	20741
8274	27662
118	19506
5191	24579
6271	25659
2182	21570
7218	26606
5415	24803
6275	25663
4800	24188
5008	24396
9135	28523
10397	29785
4901	24289
10318	29706
1138	20526
9898	29286
931	20319
19	19407
6837	26225
10097	29485
8418	27806
8617	28005
2598	21986
5084	24472
142	19530
2817	22205
6675	26063
7614	27002
5556	24944
9749	29137
5064	24452
2286	21674
7799	27187
4769	24157
3627	23015
5650	25038
7444	26832
1745	21133
3646	23034
5784	25172
10421	29809
4824	24212
10220	29608
2393	21781
1622	21010
6640	26028
2277	21665
732	20120
10223	29611
9956	29344
4093	23481
87	19475
1677	21065
6761	26149
3609	22997
9303	28691
5086	24474
2274	21662
9743	29131
388	19776
7856	27244
860	20248
2517	21905
7256	26644
9527	28915
8951	28339
9145	28533
4265	23653
5960	25348
5947	25335
8137	27525
3055	22443
3176	22564
973	20361
903	20291
905	20293
5214	24602
545	19933
9251	28639
6517	25905
3989	23377
8854	28242
7815	27203
6540	25928
8723	28111
2378	21766
1167	20555
8456	27844
5702	25090
6035	25423
8642	28030
5456	24844
9467	28855
3814	23202
5287	24675
7067	26455
352	19740
1606	20994
6238	25626
4491	23879
6444	25832
4516	23904
6058	25446
2091	21479
8824	28212
3559	22947
1481	20869
4761	24149
7593	26981
3162	22550
4295	23683
10313	29701
2788	22176
2733	22121
9834	29222
3675	23063
2610	21998
2086	21474
5490	24878
220	19608
2870	22258
9319	28707
2231	21619
10077	29465
3305	22693
10020	29408
7750	27138
10018	29406
5197	24585
9915	29303
1782	21170
3931	23319
4995	24383
3134	22522
792	20180
9454	28842
7113	26501
652	20040
7700	27088
2720	22108
6744	26132
1618	21006
3386	22774
1626	21014
8105	27493
9598	28986
4756	24144
1546	20934
3892	23280
1856	21244
2066	21454
8194	27582
10499	29887
261	19649
6960	26348
9714	29102
3328	22716
1928	21316
6443	25831
9163	28551
6384	25772
4388	23776
2482	21870
5567	24955
2279	21667
7306	26694
1963	21351
1896	21284
4578	23966
6197	25585
6883	26271
9929	29317
9484	28872
8946	28334
9480	28868
9183	28571
4169	23557
8408	27796
5779	25167
153	19541
4197	23585
924	20312
8158	27546
9785	29173
2002	21390
5821	25209
3483	22871
1070	20458
6518	25906
5375	24763
648	20036
2445	21833
10147	29535
8308	27696
1087	20475
5639	25027
549	19937
7041	26429
4142	23530
484	19872
10475	29863
7189	26577
9332	28720
3891	23279
2314	21702
4081	23469
7967	27355
5758	25146
1213	20601
5268	24656
10338	29726
1168	20556
315	19703
4625	24013
6612	26000
871	20259
4968	24356
7074	26462
4362	23750
2750	22138
4372	23760
4772	24160
6225	25613
6931	26319
382	19770
1478	20866
677	20065
6674	26062
6832	26220
4796	24184
6022	25410
2967	22355
2413	21801
3535	22923
514	19902
9778	29166
1432	20820
4323	23711
6662	26050
968	20356
3112	22500
9547	28935
4731	24119
1522	20910
1475	20863
4146	23534
3453	22841
2025	21413
4200	23588
3611	22999
5910	25298
9168	28556
3120	22508
9462	28850
10321	29709
6342	25730
5211	24599
5982	25370
6825	26213
10454	29842
10445	29833
3818	23206
2562	21950
744	20132
8822	28210
3928	23316
3781	23169
4476	23864
4784	24172
5633	25021
9989	29377
7392	26780
9621	29009
9582	28970
7995	27383
9732	29120
2939	22327
3210	22598
1995	21383
4997	24385
8768	28156
1215	20603
7812	27200
2620	22008
498	19886
3410	22798
4587	23975
5786	25174
9457	28845
2564	21952
5422	24810
966	20354
2317	21705
5240	24628
5621	25009
2997	22385
1672	21060
6596	25984
3107	22495
7488	26876
1550	20938
2893	22281
7120	26508
4599	23987
1566	20954
8057	27445
4436	23824
4015	23403
4672	24060
3307	22695
6066	25454
4340	23728
7903	27291
8489	27877
10152	29540
9306	28694
2700	22088
2989	22377
5653	25041
5861	25249
4338	23726
761	20149
4134	23522
9097	28485
4123	23511
1795	21183
9656	29044
2966	22354
10258	29646
7842	27230
8327	27715
1265	20653
3659	23047
746	20134
1195	20583
9015	28403
3037	22425
9443	28831
3855	23243
414	19802
10367	29755
8064	27452
7599	26987
1563	20951
224	19612
6173	25561
9279	28667
4467	23855
10133	29521
8819	28207
4628	24016
5434	24822
7102	26490
8091	27479
2451	21839
10427	29815
8635	28023
3812	23200
246	19634
4623	24011
2121	21509
836	20224
6853	26241
6292	25680
6742	26130
3695	23083
2106	21494
9273	28661
2596	21984
8881	28269
5834	25222
368	19756
6621	26009
3904	23292
1489	20877
8834	28222
3224	22612
460	19848
8474	27862
1317	20705
10111	29499
5510	24898
4427	23815
9502	28890
1668	21056
1378	20766
8352	27740
7572	26960
9114	28502
10302	29690
1999	21387
632	20020
5716	25104
9567	28955
511	19899
1959	21347
9381	28769
7639	27027
7456	26844
1281	20669
3925	23313
1130	20518
10032	29420
8101	27489
5370	24758
2115	21503
614	20002
2513	21901
8232	27620
7749	27137
9213	28601
9997	29385
1792	21180
3097	22485
5353	24741
1998	21386
5964	25352
4644	24032
360	19748
9773	29161
2494	21882
6389	25777
7610	26998
7860	27248
427	19815
4299	23687
3885	23273
4819	24207
4609	23997
8281	27669
7149	26537
3421	22809
493	19881
8826	28214
8714	28102
7937	27325
2150	21538
9181	28569
9486	28874
1022	20410
10215	29603
1483	20871
4305	23693
7575	26963
7425	26813
8242	27630
2448	21836
9973	29361
4515	23903
2769	22157
2751	22139
2532	21920
2096	21484
7155	26543
6063	25451
6493	25881
6652	26040
3158	22546
9010	28398
5686	25074
9194	28582
8192	27580
9847	29235
18	19406
3425	22813
9096	28484
5013	24401
1706	21094
1248	20636
6586	25974
9225	28613
2675	22063
1051	20439
8225	27613
10072	29460
1855	21243
1466	20854
2638	22026
1236	20624
5656	25044
6306	25694
4473	23861
6407	25795
6153	25541
4694	24082
7099	26487
4933	24321
10384	29772
2827	22215
1369	20757
878	20266
6103	25491
5903	25291
5350	24738
9821	29209
7940	27328
5295	24683
4786	24174
4148	23536
4688	24076
8877	28265
920	20308
3849	23237
3136	22524
5236	24624
6080	25468
1047	20435
2820	22208
7820	27208
454	19842
1761	21149
9134	28522
5412	24800
8961	28349
9011	28399
8005	27393
5158	24546
4057	23445
807	20195
8687	28075
9439	28827
7472	26860
4061	23449
7870	27258
9368	28756
5160	24548
9954	29342
1287	20675
1010	20398
5883	25271
4508	23896
2143	21531
8752	28140
7148	26536
6393	25781
4767	24155
7037	26425
1368	20756
4899	24287
1717	21105
704	20092
10473	29861
9437	28825
1028	20416
8664	28052
4595	23983
6350	25738
2792	22180
6694	26082
5154	24542
3895	23283
448	19836
993	20381
8013	27401
989	20377
2233	21621
9495	28883
8901	28289
2938	22326
2623	22011
10272	29660
4834	24222
8577	27965
7017	26405
5936	25324
5093	24481
3896	23284
7079	26467
2907	22295
5868	25256
8257	27645
1993	21381
5352	24740
3333	22721
5608	24996
8296	27684
6311	25699
8419	27807
9151	28539
5907	25295
3164	22552
5385	24773
5638	25026
176	19564
6814	26202
3360	22748
2577	21965
7362	26750
2886	22274
6017	25405
772	20160
4152	23540
3078	22466
1331	20719
1453	20841
6569	25957
5671	25059
7867	27255
9593	28981
3996	23384
3489	22877
3699	23087
9660	29048
480	19868
8777	28165
6734	26122
9731	29119
3875	23263
5725	25113
2457	21845
8109	27497
7316	26704
8699	28087
4782	24170
2294	21682
9636	29024
1699	21087
8637	28025
3077	22465
6171	25559
4889	24277
3285	22673
4643	24031
4865	24253
7545	26933
