10207	25207
8386	23386
9008	24008
2516	17516
4609	19609
5567	20567
8853	23853
985	15985
3713	18713
862	15862
7254	22254
5571	20571
9700	24700
8392	23392
4498	19498
7206	22206
6209	21209
1355	16355
1676	16676
5070	20070
5666	20666
9586	24586
37	15037
2972	17972
2479	17479
8636	23636
9773	24773
7731	22731
1091	16091
3127	18127
5032	20032
10120	25120
2107	17107
6047	21047
3496	18496
9606	24606
8146	23146
171	15171
1459	16459
10276	25276
1832	16832
6939	21939
5649	20649
1989	16989
3432	18432
5831	20831
4717	19717
4866	19866
4329	19329
9348	24348
7198	22198
1774	16774
4660	19660
8920	23920
5898	20898
10439	25439
1577	16577
5278	20278
8985	23985
6388	21388
8171	23171
9681	24681
7854	22854
4969	19969
7981	22981
4362	19362
5634	20634
499	15499
7586	22586
4448	19448
1259	16259
2142	17142
5059	20059
9439	24439
5819	20819
509	15509
8199	23199
7833	22833
3561	18561
1224	16224
6296	21296
6100	21100
4089	19089
1052	16052
6527	21527
7471	22471
7476	22476
7599	22599
500	15500
3126	18126
8468	23468
4457	19457
633	15633
172	15172
10471	25471
5650	20650
2083	17083
882	15882
9936	24936
182	15182
1007	16007
7520	22520
748	15748
8082	23082
314	15314
10347	25347
3538	18538
4721	19721
244	15244
6445	21445
6805	21805
6016	21016
6362	21362
8084	23084
2726	17726
6914	21914
3947	18947
2885	17885
546	15546
10365	25365
8707	23707
10331	25331
9908	24908
4860	19860
8766	23766
9979	24979
6366	21366
9591	24591
7742	22742
9680	24680
406	15406
6769	21769
2682	17682
6166	21166
8495	23495
452	15452
2610	17610
4659	19659
9277	24277
8968	23968
3519	18519
9642	24642
3682	18682
7588	22588
3763	18763
8876	23876
4628	19628
5815	20815
870	15870
1516	16516
9367	24367
4762	19762
88	15088
4413	19413
9271	24271
7073	22073
6121	21121
565	15565
5773	20773
6772	21772
3627	18627
4209	19209
1462	16462
1307	16307
2153	17153
1862	16862
7573	22573
5639	20639
7683	22683
9699	24699
4999	19999
9004	24004
9719	24719
2440	17440
6878	21878
2953	17953
6566	21566
9047	24047
10433	25433
6139	21139
3768	18768
3549	18549
10310	25310
3051	18051
1236	16236
9116	24116
3539	18539
2059	17059
5505	20505
4920	19920
4760	19760
4036	19036
4281	19281
2467	17467
9416	24416
9128	24128
5786	20786
7165	22165
9074	24074
8287	23287
3207	18207
7961	22961
8346	23346
8426	23426
3063	18063
9757	24757
5470	20470
6148	21148
5651	20651
2391	17391
6174	21174
411	15411
7123	22123
316	15316
2482	17482
8603	23603
5846	20846
7514	22514
7187	22187
205	15205
5429	20429
6180	21180
8829	23829
6879	21879
775	15775
1632	16632
3910	18910
624	15624
1851	16851
9007	24007
1130	16130
9016	24016
4886	19886
10063	25063
3281	18281
536	15536
8317	23317
2423	17423
5828	20828
10145	25145
4254	19254
4320	19320
1694	16694
4096	19096
6558	21558
9341	24341
3196	18196
4379	19379
8676	23676
1222	16222
10362	25362
2779	17779
958	15958
8501	23501
3966	18966
1127	16127
1992	16992
7549	22549
7102	22102
9015	24015
9583	24583
6550	21550
3225	18225
8663	23663
1032	16032
334	15334
8331	23331
195	15195
2494	17494
1272	16272
2809	17809
1838	16838
6149	21149
4805	19805
6219	21219
5381	20381
1114	16114
6010	21010
8748	23748
7065	22065
2447	17447
8443	23443
1300	16300
10045	25045
3805	18805
946	15946
3968	18968
8181	23181
2135	17135
916	15916
4545	19545
5053	20053
5750	20750
2120	17120
6263	21263
8940	23940
1699	16699
9164	24164
1285	16285
9602	24602
6927	21927
7389	22389
8599	23599
8719	23719
10380	25380
5859	20859
8521	23521
3515	18515
6144	21144
776	15776
3625	18625
3558	18558
5827	20827
2827	17827
8500	23500
3428	18428
7974	22974
7574	22574
8855	23855
2422	17422
3863	18863
466	15466
3940	18940
7442	22442
6725	21725
10110	25110
8208	23208
5152	20152
8596	23596
3045	18045
910	15910
5754	20754
5019	20019
8061	23061
5780	20780
7354	22354
3377	18377
6853	21853
468	15468
3599	18599
6126	21126
2335	17335
9920	24920
7253	22253
3715	18715
10164	25164
1452	16452
5388	20388
305	15305
4578	19578
2531	17531
6110	21110
4353	19353
1618	16618
9829	24829
1827	16827
524	15524
8268	23268
9733	24733
4019	19019
6091	21091
7869	22869
7418	22418
4150	19150
540	15540
8	15008
10080	25080
7975	22975
7070	22070
1250	16250
3741	18741
2067	17067
7362	22362
8525	23525
4347	19347
9041	24041
7669	22669
7110	22110
1314	16314
3433	18433
6056	21056
6261	21261
3693	18693
249	15249
1612	16612
4193	19193
4615	19615
9467	24467
8934	23934
2461	17461
7306	22306
8161	23161
148	15148
6280	21280
7935	22935
7929	22929
5428	20428
9951	24951
4871	19871
3669	18669
6595	21595
3300	18300
5961	20961
8892	23892
824	15824
3991	18991
2940	17940
5165	20165
9343	24343
9946	24946
8184	23184
10308	25308
3877	18877
2774	17774
9375	24375
7756	22756
472	15472
10419	25419
2119	17119
3528	18528
7960	22960
3071	18071
2044	17044
3935	18935
4713	19713
9607	24607
5424	20424
6622	21622
8933	23933
6519	21519
5037	20037
9335	24335
113	15113
3291	18291
1549	16549
7504	22504
9540	24540
8556	23556
6274	21274
6893	21893
4266	19266
3326	18326
1220	16220
4270	19270
8654	23654
6604	21604
8466	23466
8150	23150
3037	18037
8445	23445
7911	22911
9878	24878
7175	22175
5812	20812
6669	21669
1371	16371
1169	16169
7404	22404
9397	24397
4902	19902
5245	20245
4251	19251
3482	18482
1757	16757
4624	19624
9315	24315
3414	18414
7717	22717
4063	19063
6344	21344
3319	18319
9325	24325
5813	20813
1427	16427
7635	22635
7248	22248
7195	22195
2237	17237
3560	18560
9971	24971
1495	16495
10119	25119
828	15828
3565	18565
3571	18571
9204	24204
8247	23247
3441	18441
2140	17140
1049	16049
1779	16779
7881	22881
1758	16758
2994	17994
5604	20604
2253	17253
444	15444
4385	19385
4404	19404
4363	19363
8364	23364
8568	23568
8194	23194
6106	21106
3369	18369
2427	17427
10087	25087
7730	22730
4051	19051
3204	18204
4968	19968
7931	22931
9392	24392
847	15847
1156	16156
2131	17131
8872	23872
654	15654
4922	19922
2939	17939
2645	17645
10359	25359
7945	22945
3653	18653
9655	24655
609	15609
5520	20520
3087	18087
8675	23675
4181	19181
8571	23571
5791	20791
4306	19306
1031	16031
577	15577
5993	20993
8583	23583
2143	17143
698	15698
2368	17368
5468	20468
6839	21839
9996	24996
8529	23529
9819	24819
3916	18916
5378	20378
1217	16217
5667	20667
576	15576
4883	19883
6751	21751
1386	16386
4992	19992
6855	21855
9797	24797
6337	21337
6431	21431
110	15110
2754	17754
4282	19282
1123	16123
9064	24064
10115	25115
2173	17173
6948	21948
1105	16105
10449	25449
5389	20389
6964	21964
8514	23514
9937	24937
1670	16670
6764	21764
6532	21532
3430	18430
3929	18929
3267	18267
6759	21759
2239	17239
992	15992
1023	16023
6107	21107
1111	16111
8365	23365
9691	24691
7316	22316
1627	16627
3942	18942
1373	16373
5847	20847
8850	23850
7279	22279
5910	20910
9989	24989
5798	20798
3141	18141
2527	17527
10217	25217
1626	16626
4232	19232
2854	17854
3646	18646
10368	25368
5602	20602
8763	23763
407	15407
487	15487
3401	18401
8326	23326
3960	18960
2801	17801
3259	18259
5195	20195
10358	25358
10473	25473
3692	18692
10071	25071
6677	21677
4533	19533
9026	24026
6170	21170
7498	22498
1015	16015
5741	20741
3724	18724
5092	20092
9984	24984
8231	23231
4118	19118
6582	21582
5857	20857
6899	21899
10226	25226
1947	16947
8833	23833
4284	19284
9786	24786
3241	18241
9106	24106
6571	21571
8316	23316
2717	17717
8783	23783
192	15192
4569	19569
3263	18263
10346	25346
421	15421
8455	23455
10485	25485
2122	17122
5319	20319
3794	18794
4952	19952
2616	17616
9593	24593
1334	16334
5099	20099
9622	24622
3222	18222
826	15826
8438	23438
1254	16254
10239	25239
3466	18466
9925	24925
353	15353
5502	20502
2475	17475
10213	25213
5344	20344
3228	18228
1650	16650
4493	19493
7877	22877
4444	19444
6608	21608
4695	19695
3903	18903
4926	19926
5084	20084
8799	23799
3919	18919
2552	17552
3373	18373
9847	24847
3815	18815
761	15761
81	15081
2865	17865
7837	22837
5075	20075
3983	18983
6402	21402
1615	16615
10260	25260
7383	22383
7718	22718
1542	16542
2444	17444
1099	16099
9617	24617
8183	23183
2749	17749
7741	22741
9858	24858
9466	24466
2133	17133
1088	16088
1601	16601
8831	23831
4057	19057
6151	21151
7014	22014
6640	21640
2056	17056
2693	17693
6643	21643
3631	18631
8036	23036
5447	20447
4696	19696
8848	23848
9542	24542
5159	20159
1473	16473
5760	20760
3381	18381
5221	20221
1185	16185
1920	16920
4589	19589
10445	25445
975	15975
8023	23023
5187	20187
1879	16879
5272	20272
949	15949
8900	23900
8158	23158
4520	19520
4168	19168
8992	23992
8757	23757
3206	18206
7806	22806
3316	18316
48	15048
9997	24997
158	15158
2193	17193
5686	20686
4383	19383
10194	25194
3341	18341
1409	16409
2570	17570
6567	21567
9248	24248
4221	19221
5590	20590
5594	20594
4220	19220
6476	21476
485	15485
5440	20440
4480	19480
10198	25198
2412	17412
7578	22578
9904	24904
1106	16106
6738	21738
5853	20853
3298	18298
6330	21330
8434	23434
5097	20097
1534	16534
6970	21970
5255	20255
417	15417
9063	24063
893	15893
4365	19365
507	15507
4023	19023
0	15000
7544	22544
7411	22411
623	15623
1974	16974
8734	23734
8309	23309
4062	19062
8296	23296
4564	19564
2351	17351
1000	16000
2460	17460
1493	16493
9850	24850
4307	19307
3096	18096
3095	18095
96	15096
2419	17419
3810	18810
4190	19190
4114	19114
6264	21264
707	15707
4962	19962
7324	22324
5422	20422
10155	25155
4287	19287
6155	21155
6302	21302
5488	20488
6140	21140
2790	17790
2094	17094
9429	24429
4828	19828
1906	16906
5545	20545
6237	21237
9427	24427
7231	22231
4235	19235
9859	24859
1176	16176
511	15511
3362	18362
4345	19345
9785	24785
8238	23238
9231	24231
2449	17449
9778	24778
6454	21454
9754	24754
2784	17784
5387	20387
9764	24764
993	15993
6800	21800
6962	21962
9609	24609
2727	17727
1519	16519
1001	16001
9398	24398
7342	22342
8182	23182
4144	19144
8403	23403
6253	21253
4708	19708
6912	21912
2846	17846
9835	24835
1529	16529
9596	24596
1693	16693
2637	17637
9814	24814
6741	21741
1844	16844
6466	21466
8494	23494
2278	17278
1341	16341
7088	22088
1365	16365
3360	18360
3758	18758
4127	19127
9211	24211
3107	18107
5133	20133
6348	21348
10287	25287
8307	23307
5785	20785
10297	25297
7366	22366
8210	23210
1852	16852
5768	20768
425	15425
4827	19827
8314	23314
3618	18618
3557	18557
3796	18796
10231	25231
2317	17317
2634	17634
8976	23976
5781	20781
10039	25039
9580	24580
10324	25324
6252	21252
4570	19570
4741	19741
4632	19632
2182	17182
5619	20619
6706	21706
9077	24077
7801	22801
209	15209
8113	23113
5002	20002
7295	22295
5149	20149
6732	21732
1164	16164
9456	24456
6745	21745
9123	24123
1587	16587
1795	16795
2888	17888
7184	22184
4945	19945
2031	17031
4863	19863
9504	24504
794	15794
7904	22904
837	15837
198	15198
9207	24207
9019	24019
2026	17026
6712	21712
853	15853
2217	17217
1573	16573
4606	19606
1050	16050
618	15618
8006	23006
7370	22370
8431	23431
9089	24089
10416	25416
3577	18577
9588	24588
10149	25149
3396	18396
6299	21299
8823	23823
10170	25170
4048	19048
7334	22334
6650	21650
7002	22002
143	15143
382	15382
2831	17831
5537	20537
321	15321
2084	17084
1256	16256
9172	24172
302	15302
8111	23111
1689	16689
6455	21455
5396	20396
10446	25446
3111	18111
5478	20478
4773	19773
3138	18138
9827	24827
6621	21621
7472	22472
2528	17528
4586	19586
1958	16958
9120	24120
680	15680
9527	24527
1450	16450
2569	17569
3985	18985
3106	18106
8765	23765
2136	17136
8170	23170
3831	18831
1119	16119
