10305	25305
5820	20820
7175	22175
2030	17030
5189	20189
1162	16162
5061	20061
244	15244
199	15199
3612	18612
10208	25208
3200	18200
3638	18638
2771	17771
5770	20770
1877	16877
2036	17036
4190	19190
4928	19928
2890	17890
6109	21109
6647	21647
9844	24844
8803	23803
6156	21156
9340	24340
501	15501
5290	20290
8988	23988
7911	22911
32	15032
6412	21412
2401	17401
8666	23666
890	15890
2442	17442
2681	17681
9979	24979
1993	16993
5144	20144
5747	20747
4727	19727
7731	22731
8845	23845
1328	16328
4221	19221
3940	18940
7942	22942
2060	17060
3697	18697
3162	18162
8910	23910
7847	22847
8633	23633
9287	24287
1915	16915
5023	20023
216	15216
4474	19474
1207	16207
1791	16791
1269	16269
4231	19231
7797	22797
4911	19911
94	15094
2123	17123
8502	23502
7229	22229
7226	22226
1071	16071
1393	16393
700	15700
4434	19434
6719	21719
47	15047
2967	17967
6103	21103
8246	23246
7072	22072
1087	16087
4184	19184
299	15299
3797	18797
782	15782
10166	25166
1258	16258
8741	23741
5758	20758
206	15206
2029	17029
4832	19832
2382	17382
2069	17069
10338	25338
9640	24640
4738	19738
1824	16824
1213	16213
10260	25260
8945	23945
2974	17974
9802	24802
8195	23195
4057	19057
2900	17900
2278	17278
6797	21797
5173	20173
9151	24151
6953	21953
2073	17073
5838	20838
1702	16702
2268	17268
10144	25144
180	15180
6299	21299
8991	23991
534	15534
8331	23331
10117	25117
3209	18209
2420	17420
6256	21256
9889	24889
2183	17183
2960	17960
3799	18799
7542	22542
7426	22426
8902	23902
3017	18017
6566	21566
3553	18553
4951	19951
2775	17775
9106	24106
3917	18917
1092	16092
4395	19395
5647	20647
8367	23367
10140	25140
540	15540
2666	17666
5932	20932
5871	20871
413	15413
7623	22623
8851	23851
4061	19061
3677	18677
7939	22939
6127	21127
7437	22437
6740	21740
9581	24581
6780	21780
7904	22904
4406	19406
3124	18124
2920	17920
7388	22388
5632	20632
10315	25315
9687	24687
8161	23161
2142	17142
4041	19041
5695	20695
4510	19510
926	15926
5776	20776
7299	22299
9000	24000
190	15190
5721	20721
5348	20348
10409	25409
7103	22103
628	15628
9289	24289
3653	18653
5956	20956
9369	24369
7878	22878
6163	21163
6767	21767
8479	23479
2266	17266
9372	24372
4650	19650
8129	23129
312	15312
5842	20842
10267	25267
5840	20840
5343	20343
3538	18538
4596	19596
7576	22576
7361	22361
9315	24315
1201	16201
9259	24259
6417	21417
6172	21172
8828	23828
9299	24299
10051	25051
1065	16065
8414	23414
4008	19008
7863	22863
3279	18279
4313	19313
9720	24720
2313	17313
3143	18143
7329	22329
4682	19682
10184	25184
1204	16204
10108	25108
2102	17102
5893	20893
1016	16016
1382	16382
1529	16529
427	15427
4030	19030
814	15814
7985	22985
9319	24319
153	15153
1053	16053
6876	21876
4365	19365
4994	19994
7125	22125
3263	18263
9862	24862
9003	24003
4712	19712
3521	18521
4896	19896
4331	19331
2168	17168
4677	19677
9074	24074
1054	16054
6033	21033
6301	21301
978	15978
2371	17371
9619	24619
9133	24133
5670	20670
7844	22844
6651	21651
5063	20063
6395	21395
7694	22694
8128	23128
4978	19978
2705	17705
6628	21628
4943	19943
8786	23786
7240	22240
2516	17516
9810	24810
8802	23802
682	15682
6982	21982
7339	22339
4976	19976
3921	18921
8130	23130
7095	22095
6557	21557
3227	18227
6602	21602
6017	21017
380	15380
9177	24177
502	15502
1608	16608
8077	23077
4722	19722
2842	17842
9758	24758
3376	18376
349	15349
2428	17428
2671	17671
9077	24077
5730	20730
7342	22342
7800	22800
5587	20587
735	15735
2939	17939
3827	18827
8118	23118
8455	23455
5718	20718
4363	19363
1761	16761
3001	18001
3079	18079
4521	19521
1565	16565
5269	20269
6980	21980
3757	18757
8060	23060
5128	20128
3512	18512
579	15579
4850	19850
10321	25321
613	15613
4925	19925
6233	21233
4540	19540
3763	18763
3108	18108
7431	22431
7485	22485
1552	16552
2465	17465
10406	25406
2795	17795
3445	18445
1912	16912
2723	17723
7802	22802
9568	24568
3388	18388
9677	24677
5549	20549
1476	16476
7481	22481
2351	17351
7655	22655
10431	25431
10119	25119
10441	25441
10161	25161
4601	19601
1051	16051
2223	17223
5848	20848
805	15805
73	15073
3335	18335
6043	21043
3583	18583
9516	24516
5940	20940
6126	21126
167	15167
6013	21013
5486	20486
3935	18935
10493	25493
8669	23669
6945	21945
1263	16263
5244	20244
8053	23053
6252	21252
4407	19407
9251	24251
3537	18537
7002	22002
6009	21009
7115	22115
5904	20904
4926	19926
776	15776
4208	19208
754	15754
6410	21410
8295	23295
2811	17811
8661	23661
8809	23809
1496	16496
4164	19164
6863	21863
77	15077
4240	19240
2531	17531
8279	23279
827	15827
3671	18671
1168	16168
2601	17601
10143	25143
6001	21001
4974	19974
4766	19766
9216	24216
9337	24337
923	15923
8448	23448
6102	21102
7464	22464
9536	24536
9924	24924
998	15998
5518	20518
8083	23083
8377	23377
7692	22692
8159	23159
2144	17144
8689	23689
2906	17906
3094	18094
2776	17776
2040	17040
4661	19661
10164	25164
4137	19137
8917	23917
5888	20888
9041	24041
3781	18781
296	15296
9770	24770
9027	24027
2479	17479
7602	22602
7531	22531
2968	17968
4154	19154
6300	21300
10154	25154
3713	18713
3992	18992
54	15054
2631	17631
10214	25214
4087	19087
3446	18446
8389	23389
1080	16080
8430	23430
7589	22589
9853	24853
3340	18340
908	15908
271	15271
946	15946
3351	18351
744	15744
4602	19602
2259	17259
5881	20881
4950	19950
8791	23791
5771	20771
7507	22507
8805	23805
6919	21919
6838	21838
9626	24626
4224	19224
5892	20892
6105	21105
1237	16237
4539	19539
9610	24610
9409	24409
8272	23272
6938	21938
5787	20787
202	15202
10356	25356
9329	24329
6541	21541
6662	21662
10141	25141
5803	20803
8121	23121
10373	25373
7587	22587
3174	18174
2956	17956
6355	21355
7363	22363
391	15391
3456	18456
6738	21738
9062	24062
9379	24379
4868	19868
7521	22521
2288	17288
228	15228
9629	24629
1151	16151
4830	19830
6788	21788
3695	18695
9088	24088
8747	23747
3207	18207
7887	22887
4929	19929
5591	20591
5254	20254
8314	23314
7618	22618
2471	17471
7259	22259
3037	18037
2448	17448
8966	23966
3030	18030
7927	22927
5905	20905
6331	21331
8871	23871
215	15215
7826	22826
4698	19698
4009	19009
3942	18942
8832	23832
6324	21324
5127	20127
7279	22279
1635	16635
4676	19676
4834	19834
9458	24458
1378	16378
7162	22162
2449	17449
6379	21379
7620	22620
5911	20911
2958	17958
8324	23324
2532	17532
6048	21048
4297	19297
872	15872
3481	18481
6398	21398
1884	16884
7440	22440
4910	19910
9975	24975
2156	17156
8402	23402
7517	22517
7068	22068
4675	19675
6223	21223
5943	20943
6164	21164
5805	20805
6623	21623
3185	18185
1074	16074
4608	19608
6274	21274
9399	24399
4485	19485
3302	18302
5000	20000
8152	23152
7760	22760
2501	17501
6580	21580
2289	17289
8403	23403
1692	16692
7108	22108
7352	22352
10204	25204
6650	21650
3361	18361
8625	23625
5502	20502
2879	17879
6298	21298
3564	18564
7706	22706
8476	23476
10113	25113
625	15625
898	15898
2609	17609
9528	24528
7364	22364
3874	18874
4399	19399
4314	19314
10047	25047
5283	20283
3436	18436
8032	23032
1772	16772
3469	18469
9762	24762
8869	23869
21	15021
2756	17756
5322	20322
8297	23297
1477	16477
9405	24405
5207	20207
5037	20037
7869	22869
4259	19259
10038	25038
6649	21649
8551	23551
147	15147
10265	25265
6763	21763
2605	17605
6196	21196
91	15091
2746	17746
3216	18216
6549	21549
2898	17898
809	15809
4199	19199
6648	21648
5253	20253
5772	20772
7395	22395
10106	25106
6106	21106
2527	17527
6351	21351
6950	21950
1508	16508
543	15543
9960	24960
9109	24109
9017	24017
6547	21547
1784	16784
8039	23039
9949	24949
1819	16819
3048	18048
5527	20527
7063	22063
9830	24830
6520	21520
9731	24731
4590	19590
10418	25418
4584	19584
8405	23405
6654	21654
2653	17653
6383	21383
6862	21862
1040	16040
6356	21356
3838	18838
3766	18766
10226	25226
7980	22980
1577	16577
730	15730
10285	25285
4185	19185
3400	18400
8968	23968
6281	21281
1085	16085
3774	18774
6712	21712
4423	19423
2709	17709
10233	25233
4301	19301
7668	22668
2032	17032
9676	24676
4511	19511
4578	19578
1593	16593
3885	18885
3270	18270
5756	20756
4919	19919
3159	18159
10494	25494
692	15692
6521	21521
6784	21784
2128	17128
8229	23229
10102	25102
3346	18346
2995	17995
5095	20095
9356	24356
10300	25300
4753	19753
2034	17034
9718	24718
3736	18736
4023	19023
1389	16389
135	15135
7204	22204
7365	22365
5728	20728
1528	16528
5345	20345
9715	24715
2955	17955
1110	16110
3378	18378
8062	23062
3552	18552
6806	21806
2125	17125
7923	22923
7586	22586
712	15712
3098	18098
3171	18171
6998	21998
3948	18948
5917	20917
8346	23346
1803	16803
3080	18080
5014	20014
4285	19285
9699	24699
9060	24060
541	15541
7271	22271
952	15952
2140	17140
8642	23642
8172	23172
3595	18595
5072	20072
4122	19122
954	15954
2486	17486
4254	19254
4652	19652
2462	17462
5614	20614
2139	17139
3835	18835
8818	23818
4142	19142
9108	24108
9917	24917
7135	22135
218	15218
9749	24749
10062	25062
6598	21598
6187	21187
8772	23772
2521	17521
6464	21464
10245	25245
2537	17537
9562	24562
1305	16305
6955	21955
9346	24346
1459	16459
1937	16937
9488	24488
4789	19789
7962	22962
9865	24865
9239	24239
4380	19380
41	15041
6114	21114
4778	19778
6453	21453
605	15605
2461	17461
3297	18297
9366	24366
2683	17683
1449	16449
2212	17212
988	15988
8732	23732
2456	17456
8484	23484
10298	25298
7137	22137
8181	23181
3474	18474
8952	23952
9958	24958
8578	23578
2682	17682
3641	18641
373	15373
5706	20706
8681	23681
8774	23774
7932	22932
8421	23421
486	15486
9984	24984
5601	20601
1779	16779
3049	18049
3990	18990
5339	20339
9932	24932
7473	22473
7682	22682
8446	23446
1567	16567
5858	20858
3109	18109
1365	16365
7983	22983
2219	17219
7399	22399
3330	18330
8934	23934
9703	24703
1944	16944
9211	24211
985	15985
10492	25492
7491	22491
1252	16252
779	15779
9386	24386
4483	19483
2722	17722
5094	20094
4181	19181
749	15749
8009	23009
1333	16333
4866	19866
790	15790
5651	20651
3741	18741
7191	22191
2579	17579
2996	17996
5096	20096
10450	25450
8939	23939
134	15134
318	15318
5049	20049
6314	21314
4726	19726
450	15450
7298	22298
2114	17114
9283	24283
1624	16624
6063	21063
4574	19574
10387	25387
9836	24836
8018	23018
2786	17786
5702	20702
7403	22403
1143	16143
6071	21071
5453	20453
2433	17433
5456	20456
5463	20463
10288	25288
7386	22386
9711	24711
1385	16385
8092	23092
2763	17763
8898	23898
7628	22628
6319	21319
6991	21991
6564	21564
4790	19790
6193	21193
2269	17269
5521	20521
6975	21975
6604	21604
7110	22110
3895	18895
3413	18413
8313	23313
7349	22349
1494	16494
9333	24333
2247	17247
46	15046
4039	19039
7749	22749
4484	19484
6860	21860
4913	19913
3889	18889
3353	18353
7392	22392
8790	23790
1515	16515
8392	23392
9639	24639
7345	22345
3633	18633
7272	22272
4537	19537
117	15117
8117	23117
8460	23460
984	15984
6672	21672
8048	23048
7294	22294
7741	22741
5806	20806
7305	22305
3006	18006
2383	17383
10251	25251
4468	19468
4320	19320
2817	17817
435	15435
2520	17520
6874	21874
1695	16695
3707	18707
1397	16397
8658	23658
6901	21901
7659	22659
4781	19781
6406	21406
9891	24891
8793	23793
3831	18831
179	15179
405	15405
6278	21278
5431	20431
6280	21280
4949	19949
620	15620
3029	18029
1373	16373
3591	18591
6633	21633
3182	18182
860	15860
2390	17390
1388	16388
9816	24816
645	15645
611	15611
9507	24507
246	15246
8982	23982
454	15454
5176	20176
6507	21507
9123	24123
6440	21440
8768	23768
511	15511
3412	18412
8842	23842
187	15187
1368	16368
10407	25407
1838	16838
9493	24493
