112	1	13	1
100	0	196	1
196	1	100	1
366	0	275	0
249	0	390	0
373	0	340	1
37	0	231	1
242	0	196	1
139	0	179	0
322	0	275	0
410	0	371	0
305	0	382	0
215	1	6	0
410	0	379	0
100	1	196	1
405	0	347	0
412	0	397	0
379	0	275	0
97	0	86	1
2	1	139	0
278	0	334	0
324	0	325	1
410	0	363	0
175	1	13	1
397	0	363	0
278	0	357	0
347	0	282	0
231	1	37	0
276	0	406	0
35	0	5	0
174	0	132	0
389	0	355	0
389	0	332	1
289	1	410	0
13	1	97	0
300	1	358	0
94	0	227	1
60	0	30	0
379	0	347	0
397	0	412	0
275	0	379	0
177	0	212	0
267	0	307	1
238	1	51	0
347	0	258	0
410	0	387	0
10	0	36	0
276	0	347	0
363	0	397	0
36	0	215	1
348	0	410	0
361	0	278	0
136	0	86	1
368	1	385	0
388	0	392	0
275	0	410	0
371	0	410	0
347	0	356	0
280	0	283	0
334	0	278	0
59	0	127	0
357	0	255	1
347	1	410	0
212	0	177	0
410	0	275	0
196	0	242	0
340	1	373	0
410	0	281	0
86	1	112	0
347	1	406	1
110	0	213	0
196	0	171	0
368	1	307	1
410	0	347	0
392	0	388	0
185	1	242	0
366	0	405	0
94	0	88	1
405	0	258	0
184	0	126	0
86	1	175	0
175	0	86	1
416	0	368	1
347	0	410	0
380	1	389	0
391	1	328	0
51	0	233	0
188	0	139	0
347	0	276	0
87	0	212	0
390	0	416	0
196	1	214	0
283	0	280	0
63	0	27	0
21	1	196	0
82	1	142	0
87	1	111	1
328	0	391	1
406	1	347	1
335	0	376	1
282	1	275	0
127	0	59	0
334	0	325	1
86	1	97	0
136	1	86	1
278	0	325	1
69	0	127	0
242	0	185	1
255	1	357	0
215	1	100	1
76	0	130	1
340	0	320	0
387	0	410	0
356	0	347	0
186	1	216	1
55	0	76	0
341	0	383	0
410	0	258	0
13	1	112	1
307	1	368	1
112	0	86	1
405	0	366	0
100	1	127	0
406	0	276	0
127	0	69	0
215	1	36	0
212	0	87	0
13	1	175	1
127	0	100	1
376	1	335	0
361	1	357	0
278	0	260	0
340	0	288	0
86	1	136	0
136	1	13	1
267	0	416	0
416	0	390	0
216	1	186	1
118	1	153	0
390	0	249	0
174	0	70	0
59	1	215	1
139	0	2	1
275	0	322	1
242	1	214	1
357	0	278	0
320	0	340	0
126	0	184	0
389	0	380	1
196	1	100	0
356	0	282	0
13	1	112	0
260	0	278	0
302	0	357	0
86	1	175	1
416	0	249	0
21	0	196	0
213	0	110	0
347	0	366	0
410	0	315	0
13	0	184	0
13	1	136	1
127	0	210	0
5	0	35	0
278	0	392	0
368	1	416	0
214	0	196	0
30	0	60	0
335	0	329	0
392	0	278	0
278	0	361	1
249	0	416	0
320	0	340	1
86	1	136	1
275	0	322	0
112	0	13	1
175	1	86	1
142	0	82	1
347	0	379	0
334	0	324	0
214	0	185	1
13	1	136	0
347	0	406	0
358	0	300	1
196	0	214	0
278	0	361	0
416	0	267	0
366	0	410	0
258	0	366	0
385	0	267	0
410	0	405	0
184	0	86	0
410	0	289	0
196	0	21	1
363	0	410	0
70	0	174	0
146	0	196	0
196	1	242	0
410	0	366	0
153	0	118	1
111	1	87	1
184	0	13	0
2	0	139	0
410	0	347	1
36	0	10	0
185	1	214	0
92	1	208	0
175	0	13	1
276	0	356	0
379	0	410	0
117	0	146	0
86	1	112	1
288	0	391	1
325	1	324	0
356	0	276	0
325	1	334	0
97	0	13	1
329	0	335	0
196	0	146	0
405	0	410	0
100	1	215	1
129	1	196	1
171	0	196	0
337	1	382	0
214	1	242	1
112	1	86	1
302	0	278	0
361	1	302	0
282	0	347	0
83	0	102	1
196	1	146	0
315	0	410	0
267	0	385	0
146	0	196	1
258	0	405	0
410	0	289	1
324	0	334	0
302	0	361	1
196	0	21	0
210	0	127	0
27	0	63	0
391	1	288	0
179	0	139	0
355	0	389	0
97	0	93	0
382	0	305	0
382	0	337	1
357	0	361	1
93	0	97	0
51	0	238	1
289	0	410	0
308	1	416	0
383	0	341	0
278	0	302	0
389	1	412	0
102	1	83	0
231	0	212	0
276	0	282	0
361	0	357	0
410	0	348	0
282	0	276	0
130	1	201	1
361	0	302	0
332	1	389	0
347	0	405	0
275	0	282	1
88	1	94	0
302	0	361	0
215	1	59	1
412	0	389	1
13	1	175	0
212	0	231	0
86	0	184	0
281	0	410	0
6	0	215	1
406	0	347	0
366	0	258	0
136	0	13	1
139	0	2	0
340	1	320	0
76	0	55	0
227	1	94	0
324	0	278	0
242	0	196	0
264	0	410	0
130	1	76	0
258	0	347	0
214	0	196	1
278	0	324	0
275	0	366	0
357	0	361	0
361	1	278	0
146	0	117	0
139	0	188	0
366	0	347	0
307	1	267	0
233	0	51	0
201	1	130	1
410	0	264	0
258	0	410	0
208	0	92	1
322	1	275	0
132	0	174	0
385	0	368	1
325	1	278	0
282	0	356	0
196	1	129	1
416	0	308	1
357	0	302	0
288	0	340	0
