3558	18558
5367	20367
4014	19014
8341	23341
8094	23094
7542	22542
795	15795
968	15968
10218	25218
3045	18045
1626	16626
8314	23314
3949	18949
2633	17633
3037	18037
9288	24288
5633	20633
8498	23498
583	15583
9815	24815
1057	16057
3843	18843
5454	20454
6057	21057
5213	20213
4240	19240
3703	18703
5265	20265
2134	17134
2433	17433
8650	23650
1474	16474
1174	16174
606	15606
3577	18577
6871	21871
6918	21918
5011	20011
8350	23350
1160	16160
3712	18712
10448	25448
6629	21629
7875	22875
1088	16088
2776	17776
10164	25164
362	15362
1418	16418
2990	17990
88	15088
6473	21473
5406	20406
7508	22508
3200	18200
5539	20539
47	15047
3152	18152
4440	19440
754	15754
2842	17842
2075	17075
3647	18647
6760	21760
9086	24086
1534	16534
113	15113
6541	21541
5200	20200
6320	21320
5364	20364
8361	23361
6788	21788
4851	19851
10233	25233
1371	16371
6399	21399
7770	22770
9865	24865
6756	21756
2588	17588
9686	24686
7621	22621
1032	16032
1651	16651
2669	17669
1900	16900
7408	22408
3237	18237
6536	21536
7517	22517
10349	25349
9836	24836
3727	18727
275	15275
9382	24382
3157	18157
3182	18182
4484	19484
4803	19803
8935	23935
4061	19061
6494	21494
10159	25159
9688	24688
5315	20315
1824	16824
2047	17047
617	15617
6268	21268
539	15539
194	15194
5791	20791
9879	24879
483	15483
8062	23062
7270	22270
7248	22248
7988	22988
6591	21591
3057	18057
5503	20503
9071	24071
2910	17910
2163	17163
6433	21433
8152	23152
3816	18816
1285	16285
3303	18303
3790	18790
7618	22618
9648	24648
53	15053
4060	19060
7255	22255
5096	20096
2448	17448
6049	21049
861	15861
4388	19388
5076	20076
985	15985
1792	16792
7506	22506
8064	23064
10189	25189
6205	21205
1417	16417
5917	20917
6354	21354
9493	24493
9726	24726
10198	25198
1621	16621
5718	20718
7530	22530
3765	18765
4355	19355
1065	16065
6483	21483
8222	23222
1961	16961
9432	24432
1181	16181
10486	25486
7003	22003
4805	19805
8839	23839
2064	17064
681	15681
460	15460
73	15073
10466	25466
8351	23351
8777	23777
2996	17996
9380	24380
7117	22117
7704	22704
4329	19329
2807	17807
4386	19386
1298	16298
3374	18374
4451	19451
6436	21436
6580	21580
3458	18458
9680	24680
6941	21941
6566	21566
9297	24297
9470	24470
3812	18812
18	15018
7305	22305
9596	24596
4363	19363
4541	19541
181	15181
7803	22803
6239	21239
2116	17116
9080	24080
3108	18108
1084	16084
9555	24555
10457	25457
3053	18053
5969	20969
3255	18255
9650	24650
963	15963
871	15871
5291	20291
9307	24307
8712	23712
7341	22341
2363	17363
6811	21811
3494	18494
8723	23723
6120	21120
100	15100
2570	17570
6873	21873
338	15338
4901	19901
4003	19003
1069	16069
2248	17248
9000	24000
3553	18553
6379	21379
3030	18030
2095	17095
10173	25173
7155	22155
9399	24399
8279	23279
7362	22362
6960	21960
6071	21071
889	15889
7266	22266
3126	18126
4486	19486
6094	21094
7500	22500
9416	24416
8948	23948
1272	16272
1311	16311
3096	18096
243	15243
2348	17348
5739	20739
5864	20864
7793	22793
9618	24618
7587	22587
2615	17615
9919	24919
7884	22884
7901	22901
5222	20222
1898	16898
1917	16917
6025	21025
7816	22816
4863	19863
3912	18912
8652	23652
5339	20339
1603	16603
8578	23578
8503	23503
4649	19649
9957	24957
5900	20900
1094	16094
653	15653
10260	25260
4936	19936
3869	18869
1690	16690
7423	22423
5071	20071
6615	21615
4330	19330
8934	23934
2394	17394
7980	22980
9700	24700
8105	23105
3572	18572
346	15346
1256	16256
3838	18838
6207	21207
6943	21943
3131	18131
3849	18849
425	15425
1869	16869
9457	24457
3911	18911
2750	17750
2672	17672
3886	18886
484	15484
7292	22292
2254	17254
7010	22010
8402	23402
1947	16947
1977	16977
3724	18724
6816	21816
9235	24235
1585	16585
1475	16475
9737	24737
5058	20058
10234	25234
4806	19806
10166	25166
9410	24410
5382	20382
3718	18718
10290	25290
5728	20728
937	15937
10032	25032
8187	23187
677	15677
2026	17026
2685	17685
135	15135
1555	16555
2632	17632
7681	22681
4133	19133
8449	23449
3601	18601
367	15367
9211	24211
3220	18220
8395	23395
186	15186
9006	24006
10089	25089
7361	22361
5936	20936
2539	17539
5860	20860
9574	24574
1184	16184
1246	16246
3264	18264
3213	18213
166	15166
10279	25279
6477	21477
10035	25035
5684	20684
2054	17054
2661	17661
3306	18306
3603	18603
6520	21520
4318	19318
10499	25499
5695	20695
811	15811
2421	17421
6991	21991
9890	24890
5458	20458
3660	18660
5090	20090
3546	18546
8477	23477
4692	19692
2688	17688
7499	22499
2189	17189
8312	23312
4687	19687
1547	16547
5183	20183
8797	23797
5808	20808
2769	17769
5027	20027
2247	17247
210	15210
1301	16301
4568	19568
9284	24284
8571	23571
6711	21711
1723	16723
6305	21305
5619	20619
669	15669
1729	16729
3699	18699
8364	23364
941	15941
7984	22984
5123	20123
2914	17914
813	15813
9895	24895
9033	24033
8147	23147
9641	24641
2495	17495
4121	19121
9153	24153
8427	23427
3758	18758
9918	24918
6506	21506
507	15507
10475	25475
5717	20717
6321	21321
2241	17241
2758	17758
520	15520
697	15697
10435	25435
3273	18273
1134	16134
4898	19898
463	15463
5725	20725
9578	24578
8040	23040
10045	25045
4135	19135
5250	20250
8969	23969
5435	20435
2933	17933
1275	16275
4536	19536
10391	25391
1787	16787
3700	18700
3238	18238
2553	17553
4328	19328
2901	17901
863	15863
5703	20703
1867	16867
6551	21551
7475	22475
62	15062
2401	17401
2149	17149
8755	23755
5834	20834
9723	24723
7832	22832
8524	23524
7758	22758
1850	16850
1830	16830
4682	19682
9611	24611
6001	21001
2219	17219
436	15436
2775	17775
5863	20863
9350	24350
6891	21891
2277	17277
7826	22826
1648	16648
3521	18521
267	15267
9946	24946
944	15944
9956	24956
7426	22426
9391	24391
2562	17562
5428	20428
4313	19313
3159	18159
8898	23898
4743	19743
5182	20182
8978	23978
6822	21822
458	15458
5033	20033
8988	23988
2264	17264
3252	18252
4250	19250
3844	18844
480	15480
9139	24139
8092	23092
7760	22760
659	15659
1842	16842
2999	17999
8043	23043
877	15877
7133	22133
6831	21831
9136	24136
2246	17246
405	15405
10429	25429
4612	19612
804	15804
6133	21133
6140	21140
7378	22378
5691	20691
6331	21331
10038	25038
8315	23315
5859	20859
2168	17168
3851	18851
3162	18162
6622	21622
744	15744
2082	17082
3801	18801
8855	23855
1791	16791
5897	20897
10129	25129
179	15179
3270	18270
4223	19223
1287	16287
6720	21720
4100	19100
1720	16720
1100	16100
1692	16692
8295	23295
9699	24699
169	15169
3029	18029
3216	18216
1406	16406
8117	23117
8128	23128
2169	17169
4299	19299
3890	18890
2516	17516
10281	25281
8077	23077
3439	18439
2701	17701
3780	18780
10245	25245
5397	20397
5473	20473
9757	24757
7794	22794
4080	19080
9222	24222
6980	21980
8687	23687
910	15910
10125	25125
9652	24652
10382	25382
8032	23032
7789	22789
5856	20856
2811	17811
7952	22952
2200	17200
9077	24077
9195	24195
7951	22951
9902	24902
4521	19521
2266	17266
10028	25028
4602	19602
2796	17796
2109	17109
8083	23083
9009	24009
2239	17239
5690	20690
1207	16207
3410	18410
2391	17391
3940	18940
3103	18103
1383	16383
8865	23865
6446	21446
7313	22313
1643	16643
3963	18963
2459	17459
8752	23752
202	15202
6559	21559
2956	17956
7815	22815
418	15418
7891	22891
8633	23633
3595	18595
8940	23940
3124	18124
1599	16599
2378	17378
6876	21876
7129	22129
6694	21694
2466	17466
3406	18406
9052	24052
8488	23488
7593	22593
10417	25417
9881	24881
2076	17076
3622	18622
762	15762
7589	22589
1152	16152
4776	19776
488	15488
5654	20654
10387	25387
5253	20253
1496	16496
5328	20328
9839	24839
1411	16411
41	15041
8020	23020
7431	22431
9037	24037
1546	16546
1304	16304
5424	20424
1455	16455
9283	24283
2698	17698
324	15324
2834	17834
5639	20639
5890	20890
878	15878
2224	17224
10217	25217
10280	25280
5901	20901
6654	21654
594	15594
7439	22439
4960	19960
3133	18133
3098	18098
6029	21029
10062	25062
9679	24679
1089	16089
10232	25232
3214	18214
5947	20947
8817	23817
9653	24653
1119	16119
9134	24134
9884	24884
8806	23806
1844	16844
1802	16802
7985	22985
3948	18948
4232	19232
8612	23612
8264	23264
9216	24216
1680	16680
9619	24619
7460	22460
257	15257
6647	21647
8251	23251
3212	18212
8081	23081
1614	16614
353	15353
6233	21233
2799	17799
5349	20349
6223	21223
6542	21542
5853	20853
7709	22709
3008	18008
4931	19931
3485	18485
3581	18581
1906	16906
9640	24640
3084	18084
9330	24330
798	15798
2906	17906
4417	19417
556	15556
234	15234
2036	17036
5041	20041
7576	22576
6412	21412
8555	23555
3548	18548
8651	23651
7807	22807
573	15573
7175	22175
7447	22447
1955	16955
6136	21136
2521	17521
8018	23018
2170	17170
4876	19876
4206	19206
731	15731
2409	17409
10036	25036
9675	24675
9142	24142
3495	18495
3150	18150
950	15950
4839	19839
1960	16960
6174	21174
8085	23085
904	15904
1774	16774
5758	20758
7429	22429
1483	16483
6796	21796
2780	17780
10431	25431
10480	25480
7387	22387
5411	20411
7417	22417
8438	23438
2335	17335
8238	23238
6472	21472
5694	20694
7868	22868
3413	18413
4202	19202
6279	21279
4449	19449
2827	17827
7083	22083
919	15919
10413	25413
4059	19059
7660	22660
3146	18146
7007	22007
4172	19172
5628	20628
6919	21919
8868	23868
6861	21861
5051	20051
1532	16532
9867	24867
5952	20952
6817	21817
6283	21283
599	15599
4155	19155
1878	16878
1702	16702
6032	21032
2998	17998
5284	20284
2890	17890
6575	21575
2351	17351
3006	18006
4034	19034
8478	23478
2604	17604
5373	20373
3167	18167
7300	22300
10407	25407
2733	17733
6250	21250
5935	20935
9506	24506
1670	16670
7356	22356
8	15008
2746	17746
5144	20144
3041	18041
9336	24336
5713	20713
6107	21107
9158	24158
4008	19008
31	15031
7553	22553
8741	23741
101	15101
1286	16286
2309	17309
10144	25144
6275	21275
7290	22290
7663	22663
9509	24509
4834	19834
9841	24841
4650	19650
1258	16258
1586	16586
8407	23407
5749	20749
6044	21044
8711	23711
9436	24436
3806	18806
2920	17920
4391	19391
8194	23194
7421	22421
2388	17388
5413	20413
1136	16136
4258	19258
7108	22108
5036	20036
9439	24439
750	15750
2366	17366
9193	24193
1608	16608
2682	17682
6418	21418
136	15136
3881	18881
5023	20023
8036	23036
4987	19987
2763	17763
4611	19611
7819	22819
9758	24758
5669	20669
5576	20576
504	15504
9776	24776
3487	18487
449	15449
3508	18508
9212	24212
2568	17568
4920	19920
8447	23447
10332	25332
1800	16800
8820	23820
7400	22400
10069	25069
339	15339
2540	17540
9991	24991
7915	22915
6144	21144
3602	18602
1606	16606
4727	19727
8886	23886
2712	17712
7018	22018
8107	23107
7324	22324
5518	20518
1999	16999
3592	18592
2536	17536
8430	23430
7586	22586
6152	21152
4866	19866
7315	22315
3380	18380
3469	18469
1832	16832
5843	20843
2708	17708
6732	21732
6728	21728
9755	24755
8569	23569
1764	16764
1178	16178
7560	22560
25	15025
8930	23930
7373	22373
2833	17833
7904	22904
5203	20203
9477	24477
3190	18190
10437	25437
5360	20360
8257	23257
3981	18981
2407	17407
6299	21299
6066	21066
1211	16211
5678	20678
7510	22510
3382	18382
7484	22484
8209	23209
43	15043
10076	25076
8786	23786
10468	25468
7283	22283
4601	19601
7082	22082
2350	17350
240	15240
6593	21593
3952	18952
3119	18119
3199	18199
427	15427
286	15286
5764	20764
899	15899
9267	24267
7981	22981
4556	19556
7092	22092
5299	20299
5003	20003
7865	22865
5345	20345
9137	24137
462	15462
718	15718
1855	16855
2822	17822
4190	19190
3887	18887
4092	19092
3173	18173
7430	22430
10415	25415
3140	18140
8017	23017
2234	17234
3445	18445
9676	24676
190	15190
3779	18779
10481	25481
6875	21875
3355	18355
9925	24925
7330	22330
6068	21068
