2782	22170
2948	22336
6846	26234
8268	27656
5340	24728
4957	24345
3411	22799
8232	27620
8415	27803
4832	24220
9382	28770
3155	22543
8014	27402
9367	28755
5150	24538
9854	29242
9348	28736
9270	28658
1994	21382
8372	27760
6245	25633
4697	24085
6796	26184
7945	27333
4818	24206
1563	20951
6022	25410
9361	28749
9138	28526
9478	28866
9664	29052
6412	25800
6544	25932
2170	21558
7598	26986
8788	28176
7521	26909
4595	23983
1434	20822
388	19776
8630	28018
10098	29486
1057	20445
2502	21890
8353	27741
464	19852
5175	24563
3755	23143
9139	28527
9072	28460
5634	25022
1150	20538
175	19563
9285	28673
919	20307
6025	25413
6968	26356
5745	25133
2417	21805
5083	24471
1861	21249
1214	20602
6934	26322
2	19390
6983	26371
5792	25180
5064	24452
3518	22906
5192	24580
1244	20632
5956	25344
1035	20423
5371	24759
4799	24187
685	20073
6656	26044
3301	22689
5001	24389
5779	25167
8697	28085
6038	25426
2312	21700
4428	23816
6023	25411
7688	27076
1903	21291
4153	23541
5939	25327
9155	28543
2083	21471
6906	26294
8399	27787
6181	25569
8024	27412
2879	22267
6705	26093
5204	24592
6331	25719
927	20315
2050	21438
4774	24162
6150	25538
3987	23375
1823	21211
5444	24832
8061	27449
10308	29696
8151	27539
5303	24691
9057	28445
1813	21201
454	19842
7324	26712
557	19945
5576	24964
4536	23924
5352	24740
6481	25869
6318	25706
2733	22121
7967	27355
4515	23903
6050	25438
6	19394
1161	20549
9329	28717
7777	27165
10021	29409
4532	23920
3233	22621
6262	25650
7827	27215
2996	22384
4214	23602
8281	27669
1358	20746
10249	29637
9254	28642
2383	21771
3590	22978
521	19909
9473	28861
3064	22452
2875	22263
5782	25170
9118	28506
9713	29101
4661	24049
7789	27177
983	20371
5982	25370
2297	21685
728	20116
2034	21422
4599	23987
4556	23944
5738	25126
6760	26148
10156	29544
5276	24664
9221	28609
8192	27580
1631	21019
1220	20608
1315	20703
1493	20881
1902	21290
3891	23279
7057	26445
4235	23623
1655	21043
7691	27079
3736	23124
6434	25822
2162	21550
1895	21283
6536	25924
4265	23653
4729	24117
3040	22428
7799	27187
5987	25375
8832	28220
1769	21157
4423	23811
3200	22588
10475	29863
5910	25298
10070	29458
6641	26029
8684	28072
8542	27930
2893	22281
9889	29277
2426	21814
9313	28701
9938	29326
9947	29335
9500	28888
1817	21205
6164	25552
4756	24144
5185	24573
7949	27337
7439	26827
6877	26265
3754	23142
4308	23696
9201	28589
7501	26889
7334	26722
8084	27472
9250	28638
10266	29654
496	19884
8946	28334
6183	25571
3442	22830
9791	29179
7566	26954
5649	25037
9847	29235
4496	23884
8317	27705
3066	22454
6354	25742
8312	27700
3979	23367
1450	20838
1028	20416
4792	24180
3892	23280
7614	27002
3499	22887
6377	25765
6458	25846
4748	24136
7244	26632
8597	27985
8157	27545
2233	21621
6156	25544
3971	23359
775	20163
9506	28894
4205	23593
4668	24056
7163	26551
3624	23012
8932	28320
10411	29799
9103	28491
7154	26542
2868	22256
4749	24137
6941	26329
3373	22761
8161	27549
5615	25003
5689	25077
3424	22812
9020	28408
4738	24126
6257	25645
10073	29461
4426	23814
2758	22146
134	19522
10286	29674
4883	24271
1566	20954
9919	29307
5120	24508
5318	24706
1261	20649
4081	23469
10364	29752
2165	21553
5566	24954
320	19708
492	19880
3077	22465
7347	26735
9828	29216
9321	28709
2890	22278
9333	28721
3177	22565
6378	25766
9231	28619
8713	28101
6018	25406
1865	21253
2338	21726
9260	28648
5865	25253
7519	26907
5103	24491
3318	22706
6759	26147
857	20245
3593	22981
5886	25274
4731	24119
816	20204
4685	24073
3843	23231
1601	20989
1609	20997
6470	25858
8769	28157
6140	25528
5949	25337
8315	27703
5556	24944
5619	25007
3680	23068
6046	25434
964	20352
7304	26692
1195	20583
534	19922
7524	26912
3486	22874
1018	20406
2203	21591
1062	20450
8039	27427
5551	24939
8436	27824
8468	27856
3664	23052
2274	21662
7984	27372
10231	29619
7879	27267
5819	25207
6103	25491
4384	23772
7979	27367
8411	27799
8323	27711
921	20309
2660	22048
8519	27907
9796	29184
409	19797
4241	23629
5662	25050
4538	23926
3714	23102
2342	21730
2425	21813
8975	28363
112	19500
10403	29791
5736	25124
1949	21337
1859	21247
8499	27887
6051	25439
9195	28583
6775	26163
6674	26062
2469	21857
1977	21365
6767	26155
480	19868
2817	22205
10153	29541
6495	25883
9217	28605
1395	20783
3231	22619
945	20333
401	19789
1454	20842
4736	24124
10176	29564
6949	26337
1560	20948
3537	22925
8064	27452
8093	27481
4705	24093
3954	23342
2393	21781
2361	21749
6340	25728
3216	22604
6723	26111
9743	29131
732	20120
10463	29851
3354	22742
5927	25315
701	20089
9696	29084
5478	24866
1054	20442
233	19621
9293	28681
7421	26809
8149	27537
1049	20437
9941	29329
4911	24299
8850	28238
2252	21640
623	20011
408	19796
9458	28846
8379	27767
6204	25592
7736	27124
3932	23320
377	19765
6473	25861
1722	21110
4946	24334
2175	21563
299	19687
4786	24174
5486	24874
2166	21554
7761	27149
3381	22769
10480	29868
7928	27316
4742	24130
8236	27624
8676	28064
3723	23111
2208	21596
4965	24353
10206	29594
8456	27844
6424	25812
2504	21892
4759	24147
3864	23252
7636	27024
9570	28958
5951	25339
1180	20568
4757	24145
7276	26664
625	20013
8899	28287
6978	26366
6463	25851
5661	25049
8133	27521
9068	28456
6786	26174
8031	27419
9186	28574
1896	21284
6847	26235
2562	21950
8866	28254
7571	26959
3049	22437
6670	26058
7117	26505
612	20000
8875	28263
3876	23264
1147	20535
8327	27715
5095	24483
5578	24966
8385	27773
10191	29579
9439	28827
6444	25832
2217	21605
9106	28494
1497	20885
4899	24287
1556	20944
9128	28516
10467	29855
1933	21321
8757	28145
172	19560
5093	24481
10418	29806
1355	20743
6429	25817
1682	21070
2987	22375
10404	29792
20	19408
606	19994
3386	22774
7531	26919
9861	29249
1461	20849
8309	27697
5286	24674
3120	22508
4224	23612
6901	26289
3278	22666
5580	24968
940	20328
7460	26848
4703	24091
9327	28715
8579	27967
5618	25006
923	20311
3144	22532
5824	25212
889	20277
8784	28172
6653	26041
9670	29058
7311	26699
5592	24980
2244	21632
6173	25561
6566	25954
10254	29642
6060	25448
7618	27006
6130	25518
937	20325
9135	28523
3225	22613
5021	24409
4801	24189
3355	22743
4856	24244
4776	24164
6899	26287
3783	23171
4177	23565
4359	23747
5774	25162
2415	21803
1248	20636
6001	25389
5683	25071
8587	27975
8996	28384
9656	29044
9324	28712
3706	23094
9600	28988
7216	26604
7751	27139
7192	26580
9169	28557
3986	23374
7435	26823
2091	21479
7433	26821
7348	26736
353	19741
8056	27444
8674	28062
2900	22288
3171	22559
2362	21750
2395	21783
468	19856
8644	28032
499	19887
4750	24138
6426	25814
2636	22024
2616	22004
1710	21098
1300	20688
1027	20415
6370	25758
5136	24524
7095	26483
2904	22292
3995	23383
10020	29408
6598	25986
5611	24999
8846	28234
3657	23045
3689	23077
5211	24599
5946	25334
3533	22921
8045	27433
7544	26932
3797	23185
4909	24297
1874	21262
1206	20594
5930	25318
7374	26762
7816	27204
2609	21997
6441	25829
4592	23980
1383	20771
686	20074
5214	24602
10442	29830
2532	21920
5759	25147
4381	23769
8345	27733
4118	23506
5739	25127
7125	26513
1094	20482
7877	27265
2561	21949
1148	20536
1543	20931
4543	23931
7382	26770
1496	20884
4950	24338
6648	26036
4067	23455
1988	21376
7500	26888
3562	22950
8212	27600
9353	28741
9819	29207
5494	24882
4645	24033
4654	24042
867	20255
4945	24333
4686	24074
6904	26292
9871	29259
2487	21875
7044	26432
8163	27551
2841	22229
957	20345
10356	29744
5396	24784
6144	25532
2202	21590
3339	22727
9837	29225
7269	26657
8616	28004
7855	27243
2998	22386
10187	29575
596	19984
8858	28246
6897	26285
1616	21004
9647	29035
6694	26082
5096	24484
717	20105
10497	29885
8529	27917
8414	27802
288	19676
4624	24012
1572	20960
1243	20631
3485	22873
6718	26106
10443	29831
1040	20428
6390	25778
4708	24096
9540	28928
8590	27978
3228	22616
9453	28841
5047	24435
6743	26131
9851	29239
7416	26804
6616	26004
7221	26609
6008	25396
1944	21332
3831	23219
9589	28977
4828	24216
6732	26120
7715	27103
5699	25087
6514	25902
9245	28633
10022	29410
5271	24659
6449	25837
8546	27934
91	19479
9612	29000
2314	21702
6120	25508
6563	25951
5908	25296
5225	24613
1837	21225
5849	25237
4432	23820
3914	23302
2944	22332
4939	24327
1139	20527
8811	28199
7175	26563
1645	21033
7870	27258
1687	21075
1941	21329
6956	26344
4612	24000
5919	25307
3794	23182
1106	20494
2528	21916
9077	28465
4097	23485
5428	24816
8771	28159
5600	24988
4116	23504
7465	26853
8566	27954
3735	23123
3496	22884
9271	28659
4958	24346
6776	26164
6148	25536
7045	26433
6522	25910
7612	27000
2966	22354
7527	26915
1030	20418
5217	24605
1246	20634
6920	26308
8329	27717
4186	23574
5406	24794
1131	20519
9213	28601
8480	27868
8559	27947
101	19489
4413	23801
8909	28297
4382	23770
6428	25816
4312	23700
7342	26730
2180	21568
1308	20696
8709	28097
1101	20489
5104	24492
822	20210
5889	25277
10110	29498
7133	26521
10458	29846
6335	25723
3810	23198
6973	26361
9099	28487
3852	23240
7621	27009
4506	23894
3542	22930
10488	29876
9979	29367
5832	25220
472	19860
5158	24546
1021	20409
4943	24331
5934	25322
8989	28377
6895	26283
10395	29783
1086	20474
9592	28980
5897	25285
739	20127
7749	27137
1089	20477
8002	27390
4837	24225
2006	21394
4585	23973
8263	27651
7016	26404
7910	27298
1749	21137
909	20297
8828	28216
5706	25094
6137	25525
3675	23063
7388	26776
8272	27660
905	20293
6020	25408
955	20343
9299	28687
895	20283
6464	25852
9253	28641
7793	27181
3960	23348
1064	20452
1185	20573
5644	25032
1747	21135
5055	24443
4700	24088
7617	27005
381	19769
1007	20395
7444	26832
9829	29217
5338	24726
2472	21860
1608	20996
5760	25148
2355	21743
9913	29301
3160	22548
6090	25478
8966	28354
5678	25066
9843	29231
9937	29325
6955	26343
4411	23799
8178	27566
3868	23256
5666	25054
1212	20600
8046	27434
4636	24024
4501	23889
7817	27205
1525	20913
2816	22204
9431	28819
4412	23800
2984	22372
8238	27626
7735	27123
9582	28970
7415	26803
1753	21141
8304	27692
6558	25946
8877	28265
5626	25014
5718	25106
6922	26310
8270	27658
9008	28396
6849	26237
9993	29381
1807	21195
6476	25864
9694	29082
8035	27423
3410	22798
2142	21530
5	19393
2344	21732
8617	28005
343	19731
2093	21481
7504	26892
5357	24745
5541	24929
6162	25550
2869	22257
1224	20612
3555	22943
5833	25221
6930	26318
46	19434
3251	22639
3465	22853
1907	21295
8570	27958
3154	22542
3197	22585
7681	27069
7289	26677
4602	23990
3510	22898
866	20254
7483	26871
7792	27180
6301	25689
9071	28459
7938	27326
7437	26825
3559	22947
8602	27990
9530	28918
5697	25085
1911	21299
9309	28697
3418	22806
6504	25892
4797	24185
7377	26765
1432	20820
1205	20593
2000	21388
2135	21523
7198	26586
1219	20607
1312	20700
5909	25297
1419	20807
4393	23781
3848	23236
4111	23499
239	19627
1051	20439
3152	22540
4498	23886
2634	22022
3312	22700
9265	28653
2371	21759
2790	22178
5935	25323
2929	22317
10353	29741
8251	27639
6958	26346
5850	25238
2674	22062
3721	23109
3837	23225
1998	21386
4115	23503
1357	20745
4976	24364
1966	21354
3757	23145
5207	24595
5443	24831
8189	27577
3921	23309
2606	21994
2366	21754
5289	24677
5111	24499
5453	24841
5964	25352
8837	28225
3635	23023
161	19549
4681	24069
3464	22852
5594	24982
1549	20937
44	19432
2689	22077
1951	21339
5296	24684
5633	25021
4360	23748
5250	24638
4140	23528
4321	23709
10486	29874
4944	24332
4935	24323
2612	22000
8955	28343
9129	28517
1916	21304
5841	25229
6000	25388
817	20205
6017	25405
8765	28153
3047	22435
23	19411
5176	24564
