11250	31387
11251	31386
11252	31385
11253	31384
11254	31383
11255	31382
11256	31381
11257	31380
11258	31379
11259	31378
11260	31377
11261	31376
11262	31375
11263	31374
11264	31373
11265	31372
11266	31371
11267	31370
11268	31369
11269	31368
11270	31367
11271	31366
11272	31365
11273	31364
11274	31363
11275	31362
11276	31361
11277	31360
11278	31359
11279	31358
11280	31357
11281	31356
11282	31355
11283	31354
11284	31353
11285	31352
11286	31351
11287	31350
11288	31349
11289	31348
11290	31347
11291	31346
11292	31345
11293	31344
11294	31343
11295	31342
11296	31341
11297	31340
11298	31339
11299	31338
11300	31337
11301	31336
11302	31335
11303	31334
11304	31333
11305	31332
11306	31331
11307	31330
11308	31329
11309	31328
11310	31327
11311	31326
11312	31325
11313	31324
11314	31323
11315	31322
11316	31321
11317	31320
11318	31319
11319	31318
11320	31317
11321	31316
11322	31315
11323	31314
11324	31313
11325	31312
11326	31311
11327	31310
11328	31309
11329	31308
11330	31307
11331	31306
11332	31305
11333	31304
11334	31303
11335	31302
11336	31301
11337	31300
11338	31299
11339	31298
11340	31297
11341	31296
11342	31295
11343	31294
11344	31293
11345	31292
11346	31291
11347	31290
11348	31289
11349	31288
11350	31287
11351	31286
11352	31285
11353	31284
11354	31283
11355	31282
11356	31281
11357	31280
11358	31279
11359	31278
11360	31277
11361	31276
11362	31275
11363	31274
11364	31273
11365	31272
11366	31271
11367	31270
11368	31269
11369	31268
11370	31267
11371	31266
11372	31265
11373	31264
11374	31263
11375	31262
11376	31261
11377	31260
11378	31259
11379	31258
11380	31257
11381	31256
11382	31255
11383	31254
11384	31253
11385	31252
11386	31251
11387	31250
11388	31249
11389	31248
11390	31247
11391	31246
11392	31245
11393	31244
11394	31243
11395	31242
11396	31241
11397	31240
11398	31239
11399	31238
11400	31237
11401	31236
11402	31235
11403	31234
11404	31233
11405	31232
11406	31231
11407	31230
11408	31229
11409	31228
11410	31227
11411	31226
11412	31225
11413	31224
11414	31223
11415	31222
11416	31221
11417	31220
11418	31219
11419	31218
11420	31217
11421	31216
11422	31215
11423	31214
11424	31213
11425	31212
11426	31211
11427	31210
11428	31209
11429	31208
11430	31207
11431	31206
11432	31205
11433	31204
11434	31203
11435	31202
11436	31201
11437	31200
11438	31199
11439	31198
11440	31197
11441	31196
11442	31195
11443	31194
11444	31193
11445	31192
11446	31191
11447	31190
11448	31189
11449	31188
11450	31187
11451	31186
11452	31185
11453	31184
11454	31183
11455	31182
11456	31181
11457	31180
11458	31179
11459	31178
11460	31177
11461	31176
11462	31175
11463	31174
11464	31173
11465	31172
11466	31171
11467	31170
11468	31169
11469	31168
11470	31167
11471	31166
11472	31165
11473	31164
11474	31163
11475	31162
11476	31161
11477	31160
11478	31159
11479	31158
11480	31157
11481	31156
11482	31155
11483	31154
11484	31153
11485	31152
11486	31151
11487	31150
11488	31149
11489	31148
11490	31147
11491	31146
11492	31145
11493	31144
11494	31143
11495	31142
11496	31141
11497	31140
11498	31139
11499	31138
11500	31137
11501	31136
11502	31135
11503	31134
11504	31133
11505	31132
11506	31131
11507	31130
11508	31129
11509	31128
11510	31127
11511	31126
11512	31125
11513	31124
11514	31123
11515	31122
11516	31121
11517	31120
11518	31119
11519	31118
11520	31117
11521	31116
11522	31115
11523	31114
11524	31113
11525	31112
11526	31111
11527	31110
11528	31109
11529	31108
11530	31107
11531	31106
11532	31105
11533	31104
11534	31103
11535	31102
11536	31101
11537	31100
11538	31099
11539	31098
11540	31097
11541	31096
11542	31095
11543	31094
11544	31093
11545	31092
11546	31091
11547	31090
11548	31089
11549	31088
11550	31087
11551	31086
11552	31085
11553	31084
11554	31083
11555	31082
11556	31081
11557	31080
11558	31079
11559	31078
11560	31077
11561	31076
11562	31075
11563	31074
11564	31073
11565	31072
11566	31071
11567	31070
11568	31069
11569	31068
11570	31067
11571	31066
11572	31065
11573	31064
11574	31063
11575	31062
11576	31061
11577	31060
11578	31059
11579	31058
11580	31057
11581	31056
11582	31055
11583	31054
11584	31053
11585	31052
11586	31051
11587	31050
11588	31049
11589	31048
11590	31047
11591	31046
11592	31045
11593	31044
11594	31043
11595	31042
11596	31041
11597	31040
11598	31039
11599	31038
11600	31037
11601	31036
11602	31035
11603	31034
11604	31033
11605	31032
11606	31031
11607	31030
11608	31029
11609	31028
11610	31027
11611	31026
11612	31025
11613	31024
11614	31023
11615	31022
11616	31021
11617	31020
11618	31019
11619	31018
11620	31017
11621	31016
11622	31015
11623	31014
11624	31013
11625	31012
11626	31011
11627	31010
11628	31009
11629	31008
11630	31007
11631	31006
11632	31005
11633	31004
11634	31003
11635	31002
11636	31001
11637	31000
11638	30999
11639	30998
11640	30997
11641	30996
11642	30995
11643	30994
11644	30993
11645	30992
11646	30991
11647	30990
11648	30989
11649	30988
11650	30987
11651	30986
11652	30985
11653	30984
11654	30983
11655	30982
11656	30981
11657	30980
11658	30979
11659	30978
11660	30977
11661	30976
11662	30975
11663	30974
11664	30973
11665	30972
11666	30971
11667	30970
11668	30969
11669	30968
11670	30967
11671	30966
11672	30965
11673	30964
11674	30963
11675	30962
11676	30961
11677	30960
11678	30959
11679	30958
11680	30957
11681	30956
11682	30955
11683	30954
11684	30953
11685	30952
11686	30951
11687	30950
11688	30949
11689	30948
11690	30947
11691	30946
11692	30945
11693	30944
11694	30943
11695	30942
11696	30941
11697	30940
11698	30939
11699	30938
11700	30937
11701	30936
11702	30935
11703	30934
11704	30933
11705	30932
11706	30931
11707	30930
11708	30929
11709	30928
11710	30927
11711	30926
11712	30925
11713	30924
11714	30923
11715	30922
11716	30921
11717	30920
11718	30919
11719	30918
11720	30917
11721	30916
11722	30915
11723	30914
11724	30913
11725	30912
11726	30911
11727	30910
11728	30909
11729	30908
11730	30907
11731	30906
11732	30905
11733	30904
11734	30903
11735	30902
11736	30901
11737	30900
11738	30899
11739	30898
11740	30897
11741	30896
11742	30895
11743	30894
11744	30893
11745	30892
11746	30891
11747	30890
11748	30889
11749	30888
11750	30887
11751	30886
11752	30885
11753	30884
11754	30883
11755	30882
11756	30881
11757	30880
11758	30879
11759	30878
11760	30877
11761	30876
11762	30875
11763	30874
11764	30873
11765	30872
11766	30871
11767	30870
11768	30869
11769	30868
11770	30867
11771	30866
11772	30865
11773	30864
11774	30863
11775	30862
11776	30861
11777	30860
11778	30859
11779	30858
11780	30857
11781	30856
11782	30855
11783	30854
11784	30853
11785	30852
11786	30851
11787	30850
11788	30849
11789	30848
11790	30847
11791	30846
11792	30845
11793	30844
11794	30843
11795	30842
11796	30841
11797	30840
11798	30839
11799	30838
11800	30837
11801	30836
11802	30835
11803	30834
11804	30833
11805	30832
11806	30831
11807	30830
11808	30829
11809	30828
11810	30827
11811	30826
11812	30825
11813	30824
11814	30823
11815	30822
11816	30821
11817	30820
11818	30819
11819	30818
11820	30817
11821	30816
11822	30815
11823	30814
11824	30813
11825	30812
11826	30811
11827	30810
11828	30809
11829	30808
11830	30807
11831	30806
11832	30805
11833	30804
11834	30803
11835	30802
11836	30801
11837	30800
11838	30799
11839	30798
11840	30797
11841	30796
11842	30795
11843	30794
11844	30793
11845	30792
11846	30791
11847	30790
11848	30789
11849	30788
11850	30787
11851	30786
11852	30785
11853	30784
11854	30783
11855	30782
11856	30781
11857	30780
11858	30779
11859	30778
11860	30777
11861	30776
11862	30775
11863	30774
11864	30773
11865	30772
11866	30771
11867	30770
11868	30769
11869	30768
11870	30767
11871	30766
11872	30765
11873	30764
11874	30763
11875	30762
11876	30761
11877	30760
11878	30759
11879	30758
11880	30757
11881	30756
11882	30755
11883	30754
11884	30753
11885	30752
11886	30751
11887	30750
11888	30749
11889	30748
11890	30747
11891	30746
11892	30745
11893	30744
11894	30743
11895	30742
11896	30741
11897	30740
11898	30739
11899	30738
11900	30737
11901	30736
11902	30735
11903	30734
11904	30733
11905	30732
11906	30731
11907	30730
11908	30729
11909	30728
11910	30727
11911	30726
11912	30725
11913	30724
11914	30723
11915	30722
11916	30721
11917	30720
11918	30719
11919	30718
11920	30717
11921	30716
11922	30715
11923	30714
11924	30713
11925	30712
11926	30711
11927	30710
11928	30709
11929	30708
11930	30707
11931	30706
11932	30705
11933	30704
11934	30703
11935	30702
11936	30701
11937	30700
11938	30699
11939	30698
11940	30697
11941	30696
11942	30695
11943	30694
11944	30693
11945	30692
11946	30691
11947	30690
11948	30689
11949	30688
11950	30687
11951	30686
11952	30685
11953	30684
11954	30683
11955	30682
11956	30681
11957	30680
11958	30679
11959	30678
11960	30677
11961	30676
11962	30675
11963	30674
11964	30673
11965	30672
11966	30671
11967	30670
11968	30669
11969	30668
11970	30667
11971	30666
11972	30665
11973	30664
11974	30663
11975	30662
11976	30661
11977	30660
11978	30659
11979	30658
11980	30657
11981	30656
11982	30655
11983	30654
11984	30653
11985	30652
11986	30651
11987	30650
11988	30649
11989	30648
11990	30647
11991	30646
11992	30645
11993	30644
11994	30643
11995	30642
11996	30641
11997	30640
11998	30639
11999	30638
10500	30637
10501	30636
10502	30635
10503	30634
10504	30633
10505	30632
10506	30631
10507	30630
10508	30629
10509	30628
10510	30627
10511	30626
10512	30625
10513	30624
10514	30623
10515	30622
10516	30621
10517	30620
10518	30619
10519	30618
10520	30617
10521	30616
10522	30615
10523	30614
10524	30613
10525	30612
10526	30611
10527	30610
10528	30609
10529	30608
10530	30607
10531	30606
10532	30605
10533	30604
10534	30603
10535	30602
10536	30601
10537	30600
10538	30599
10539	30598
10540	30597
10541	30596
10542	30595
10543	30594
10544	30593
10545	30592
10546	30591
10547	30590
10548	30589
10549	30588
10550	30587
10551	30586
10552	30585
10553	30584
10554	30583
10555	30582
10556	30581
10557	30580
10558	30579
10559	30578
10560	30577
10561	30576
10562	30575
10563	30574
10564	30573
10565	30572
10566	30571
10567	30570
10568	30569
10569	30568
10570	30567
10571	30566
10572	30565
10573	30564
10574	30563
10575	30562
10576	30561
10577	30560
10578	30559
10579	30558
10580	30557
10581	30556
10582	30555
10583	30554
10584	30553
10585	30552
10586	30551
10587	30550
10588	30549
10589	30548
10590	30547
10591	30546
10592	30545
10593	30544
10594	30543
10595	30542
10596	30541
10597	30540
10598	30539
10599	30538
10600	30537
10601	30536
10602	30535
10603	30534
10604	30533
10605	30532
10606	30531
10607	30530
10608	30529
10609	30528
10610	30527
10611	30526
10612	30525
10613	30524
10614	30523
10615	30522
10616	30521
10617	30520
10618	30519
10619	30518
10620	30517
10621	30516
10622	30515
10623	30514
10624	30513
10625	30512
10626	30511
10627	30510
10628	30509
10629	30508
10630	30507
10631	30506
10632	30505
10633	30504
10634	30503
10635	30502
10636	30501
10637	30500
10638	30499
10639	30498
10640	30497
10641	30496
10642	30495
10643	30494
10644	30493
10645	30492
10646	30491
10647	30490
10648	30489
10649	30488
10650	30487
10651	30486
10652	30485
10653	30484
10654	30483
10655	30482
10656	30481
10657	30480
10658	30479
10659	30478
10660	30477
10661	30476
10662	30475
10663	30474
10664	30473
10665	30472
10666	30471
10667	30470
10668	30469
10669	30468
10670	30467
10671	30466
10672	30465
10673	30464
10674	30463
10675	30462
10676	30461
10677	30460
10678	30459
10679	30458
10680	30457
10681	30456
10682	30455
10683	30454
10684	30453
10685	30452
10686	30451
10687	30450
10688	30449
10689	30448
10690	30447
10691	30446
10692	30445
10693	30444
10694	30443
10695	30442
10696	30441
10697	30440
10698	30439
10699	30438
10700	30437
10701	30436
10702	30435
10703	30434
10704	30433
10705	30432
10706	30431
10707	30430
10708	30429
10709	30428
10710	30427
10711	30426
10712	30425
10713	30424
10714	30423
10715	30422
10716	30421
10717	30420
10718	30419
10719	30418
10720	30417
10721	30416
10722	30415
10723	30414
10724	30413
10725	30412
10726	30411
10727	30410
10728	30409
10729	30408
10730	30407
10731	30406
10732	30405
10733	30404
10734	30403
10735	30402
10736	30401
10737	30400
10738	30399
10739	30398
10740	30397
10741	30396
10742	30395
10743	30394
10744	30393
10745	30392
10746	30391
10747	30390
10748	30389
10749	30388
10750	30387
10751	30386
10752	30385
10753	30384
10754	30383
10755	30382
10756	30381
10757	30380
10758	30379
10759	30378
10760	30377
10761	30376
10762	30375
10763	30374
10764	30373
10765	30372
10766	30371
10767	30370
10768	30369
10769	30368
10770	30367
10771	30366
10772	30365
10773	30364
10774	30363
10775	30362
10776	30361
10777	30360
10778	30359
10779	30358
10780	30357
10781	30356
10782	30355
10783	30354
10784	30353
10785	30352
10786	30351
10787	30350
10788	30349
10789	30348
10790	30347
10791	30346
10792	30345
10793	30344
10794	30343
10795	30342
10796	30341
10797	30340
10798	30339
10799	30338
10800	30337
10801	30336
10802	30335
10803	30334
10804	30333
10805	30332
10806	30331
10807	30330
10808	30329
10809	30328
10810	30327
10811	30326
10812	30325
10813	30324
10814	30323
10815	30322
10816	30321
10817	30320
10818	30319
10819	30318
10820	30317
10821	30316
10822	30315
10823	30314
10824	30313
10825	30312
10826	30311
10827	30310
10828	30309
10829	30308
10830	30307
10831	30306
10832	30305
10833	30304
10834	30303
10835	30302
10836	30301
10837	30300
10838	30299
10839	30298
10840	30297
10841	30296
10842	30295
10843	30294
10844	30293
10845	30292
10846	30291
10847	30290
10848	30289
10849	30288
10850	30287
10851	30286
10852	30285
10853	30284
10854	30283
10855	30282
10856	30281
10857	30280
10858	30279
10859	30278
10860	30277
10861	30276
10862	30275
10863	30274
10864	30273
10865	30272
10866	30271
10867	30270
10868	30269
10869	30268
10870	30267
10871	30266
10872	30265
10873	30264
10874	30263
10875	30262
10876	30261
10877	30260
10878	30259
10879	30258
10880	30257
10881	30256
10882	30255
10883	30254
10884	30253
10885	30252
10886	30251
10887	30250
10888	30249
10889	30248
10890	30247
10891	30246
10892	30245
10893	30244
10894	30243
10895	30242
10896	30241
10897	30240
10898	30239
10899	30238
10900	30237
10901	30236
10902	30235
10903	30234
10904	30233
10905	30232
10906	30231
10907	30230
10908	30229
10909	30228
10910	30227
10911	30226
10912	30225
10913	30224
10914	30223
10915	30222
10916	30221
10917	30220
10918	30219
10919	30218
10920	30217
10921	30216
10922	30215
10923	30214
10924	30213
10925	30212
10926	30211
10927	30210
10928	30209
10929	30208
10930	30207
10931	30206
10932	30205
10933	30204
10934	30203
10935	30202
10936	30201
10937	30200
10938	30199
10939	30198
10940	30197
10941	30196
10942	30195
10943	30194
10944	30193
10945	30192
10946	30191
10947	30190
10948	30189
10949	30188
10950	30187
10951	30186
10952	30185
10953	30184
10954	30183
10955	30182
10956	30181
10957	30180
10958	30179
10959	30178
10960	30177
10961	30176
10962	30175
10963	30174
10964	30173
10965	30172
10966	30171
10967	30170
10968	30169
10969	30168
10970	30167
10971	30166
10972	30165
10973	30164
10974	30163
10975	30162
10976	30161
10977	30160
10978	30159
10979	30158
10980	30157
10981	30156
10982	30155
10983	30154
10984	30153
10985	30152
10986	30151
10987	30150
10988	30149
10989	30148
10990	30147
10991	30146
10992	30145
10993	30144
10994	30143
10995	30142
10996	30141
10997	30140
10998	30139
10999	30138
11000	30137
11001	30136
11002	30135
11003	30134
11004	30133
11005	30132
11006	30131
11007	30130
11008	30129
11009	30128
11010	30127
11011	30126
11012	30125
11013	30124
11014	30123
11015	30122
11016	30121
11017	30120
11018	30119
11019	30118
11020	30117
11021	30116
11022	30115
11023	30114
11024	30113
11025	30112
11026	30111
11027	30110
11028	30109
11029	30108
11030	30107
11031	30106
11032	30105
11033	30104
11034	30103
11035	30102
11036	30101
11037	30100
11038	30099
11039	30098
11040	30097
11041	30096
11042	30095
11043	30094
11044	30093
11045	30092
11046	30091
11047	30090
11048	30089
11049	30088
11050	30087
11051	30086
11052	30085
11053	30084
11054	30083
11055	30082
11056	30081
11057	30080
11058	30079
11059	30078
11060	30077
11061	30076
11062	30075
11063	30074
11064	30073
11065	30072
11066	30071
11067	30070
11068	30069
11069	30068
11070	30067
11071	30066
11072	30065
11073	30064
11074	30063
11075	30062
11076	30061
11077	30060
11078	30059
11079	30058
11080	30057
11081	30056
11082	30055
11083	30054
11084	30053
11085	30052
11086	30051
11087	30050
11088	30049
11089	30048
11090	30047
11091	30046
11092	30045
11093	30044
11094	30043
11095	30042
11096	30041
11097	30040
11098	30039
11099	30038
11100	30037
11101	30036
11102	30035
11103	30034
11104	30033
11105	30032
11106	30031
11107	30030
11108	30029
11109	30028
11110	30027
11111	30026
11112	30025
11113	30024
11114	30023
11115	30022
11116	30021
11117	30020
11118	30019
11119	30018
11120	30017
11121	30016
11122	30015
11123	30014
11124	30013
11125	30012
11126	30011
11127	30010
11128	30009
11129	30008
11130	30007
11131	30006
11132	30005
11133	30004
11134	30003
11135	30002
11136	30001
11137	30000
11138	29999
11139	29998
11140	29997
11141	29996
11142	29995
11143	29994
11144	29993
11145	29992
11146	29991
11147	29990
11148	29989
11149	29988
11150	29987
11151	29986
11152	29985
11153	29984
11154	29983
11155	29982
11156	29981
11157	29980
11158	29979
11159	29978
11160	29977
11161	29976
11162	29975
11163	29974
11164	29973
11165	29972
11166	29971
11167	29970
11168	29969
11169	29968
11170	29967
11171	29966
11172	29965
11173	29964
11174	29963
11175	29962
11176	29961
11177	29960
11178	29959
11179	29958
11180	29957
11181	29956
11182	29955
11183	29954
11184	29953
11185	29952
11186	29951
11187	29950
11188	29949
11189	29948
11190	29947
11191	29946
11192	29945
11193	29944
11194	29943
11195	29942
11196	29941
11197	29940
11198	29939
11199	29938
11200	29937
11201	29936
11202	29935
11203	29934
11204	29933
11205	29932
11206	29931
11207	29930
11208	29929
11209	29928
11210	29927
11211	29926
11212	29925
11213	29924
11214	29923
11215	29922
11216	29921
11217	29920
11218	29919
11219	29918
11220	29917
11221	29916
11222	29915
11223	29914
11224	29913
11225	29912
11226	29911
11227	29910
11228	29909
11229	29908
11230	29907
11231	29906
11232	29905
11233	29904
11234	29903
11235	29902
11236	29901
11237	29900
11238	29899
11239	29898
11240	29897
11241	29896
11242	29895
11243	29894
11244	29893
11245	29892
11246	29891
11247	29890
11248	29889
11249	29888
12000	31388
12001	31389
12002	31390
12003	31391
12004	31392
12005	31393
12006	31394
12007	31395
12008	31396
12009	31397
12010	31398
12011	31399
12012	31400
12013	31401
12014	31402
12015	31403
12016	31404
12017	31405
12018	31406
12019	31407
12020	31408
12021	31409
12022	31410
12023	31411
12024	31412
12025	31413
12026	31414
12027	31415
12028	31416
12029	31417
12030	31418
12031	31419
12032	31420
12033	31421
12034	31422
12035	31423
12036	31424
12037	31425
12038	31426
12039	31427
12040	31428
12041	31429
12042	31430
12043	31431
12044	31432
12045	31433
12046	31434
12047	31435
12048	31436
12049	31437
12050	31438
12051	31439
12052	31440
12053	31441
12054	31442
12055	31443
12056	31444
12057	31445
12058	31446
12059	31447
12060	31448
12061	31449
12062	31450
12063	31451
12064	31452
12065	31453
12066	31454
12067	31455
12068	31456
12069	31457
12070	31458
12071	31459
12072	31460
12073	31461
12074	31462
12075	31463
12076	31464
12077	31465
12078	31466
12079	31467
12080	31468
12081	31469
12082	31470
12083	31471
12084	31472
12085	31473
12086	31474
12087	31475
12088	31476
12089	31477
12090	31478
12091	31479
12092	31480
12093	31481
12094	31482
12095	31483
12096	31484
12097	31485
12098	31486
12099	31487
12100	31488
12101	31489
12102	31490
12103	31491
12104	31492
12105	31493
12106	31494
12107	31495
12108	31496
12109	31497
12110	31498
12111	31499
12112	31500
12113	31501
12114	31502
12115	31503
12116	31504
12117	31505
12118	31506
12119	31507
12120	31508
12121	31509
12122	31510
12123	31511
12124	31512
12125	31513
12126	31514
12127	31515
12128	31516
12129	31517
12130	31518
12131	31519
12132	31520
12133	31521
12134	31522
12135	31523
12136	31524
12137	31525
12138	31526
12139	31527
12140	31528
12141	31529
12142	31530
12143	31531
12144	31532
12145	31533
12146	31534
12147	31535
12148	31536
12149	31537
12150	31538
12151	31539
12152	31540
12153	31541
12154	31542
12155	31543
12156	31544
12157	31545
12158	31546
12159	31547
12160	31548
12161	31549
12162	31550
12163	31551
12164	31552
12165	31553
12166	31554
12167	31555
12168	31556
12169	31557
12170	31558
12171	31559
12172	31560
12173	31561
12174	31562
12175	31563
12176	31564
12177	31565
12178	31566
12179	31567
12180	31568
12181	31569
12182	31570
12183	31571
12184	31572
12185	31573
12186	31574
12187	31575
12188	31576
12189	31577
12190	31578
12191	31579
12192	31580
12193	31581
12194	31582
12195	31583
12196	31584
12197	31585
12198	31586
12199	31587
12200	31588
12201	31589
12202	31590
12203	31591
12204	31592
12205	31593
12206	31594
12207	31595
12208	31596
12209	31597
12210	31598
12211	31599
12212	31600
12213	31601
12214	31602
12215	31603
12216	31604
12217	31605
12218	31606
12219	31607
12220	31608
12221	31609
12222	31610
12223	31611
12224	31612
12225	31613
12226	31614
12227	31615
12228	31616
12229	31617
12230	31618
12231	31619
12232	31620
12233	31621
12234	31622
12235	31623
12236	31624
12237	31625
12238	31626
12239	31627
12240	31628
12241	31629
12242	31630
12243	31631
12244	31632
12245	31633
12246	31634
12247	31635
12248	31636
12249	31637
12250	31638
12251	31639
12252	31640
12253	31641
12254	31642
12255	31643
12256	31644
12257	31645
12258	31646
12259	31647
12260	31648
12261	31649
12262	31650
12263	31651
12264	31652
12265	31653
12266	31654
12267	31655
12268	31656
12269	31657
12270	31658
12271	31659
12272	31660
12273	31661
12274	31662
12275	31663
12276	31664
12277	31665
12278	31666
12279	31667
12280	31668
12281	31669
12282	31670
12283	31671
12284	31672
12285	31673
12286	31674
12287	31675
12288	31676
12289	31677
12290	31678
12291	31679
12292	31680
12293	31681
12294	31682
12295	31683
12296	31684
12297	31685
12298	31686
12299	31687
12300	31688
12301	31689
12302	31690
12303	31691
12304	31692
12305	31693
12306	31694
12307	31695
12308	31696
12309	31697
12310	31698
12311	31699
12312	31700
12313	31701
12314	31702
12315	31703
12316	31704
12317	31705
12318	31706
12319	31707
12320	31708
12321	31709
12322	31710
12323	31711
12324	31712
12325	31713
12326	31714
12327	31715
12328	31716
12329	31717
12330	31718
12331	31719
12332	31720
12333	31721
12334	31722
12335	31723
12336	31724
12337	31725
12338	31726
12339	31727
12340	31728
12341	31729
12342	31730
12343	31731
12344	31732
12345	31733
12346	31734
12347	31735
12348	31736
12349	31737
12350	31738
12351	31739
12352	31740
12353	31741
12354	31742
12355	31743
12356	31744
12357	31745
12358	31746
12359	31747
12360	31748
12361	31749
12362	31750
12363	31751
12364	31752
12365	31753
12366	31754
12367	31755
12368	31756
12369	31757
12370	31758
12371	31759
12372	31760
12373	31761
12374	31762
12375	31763
12376	31764
12377	31765
12378	31766
12379	31767
12380	31768
12381	31769
12382	31770
12383	31771
12384	31772
12385	31773
12386	31774
12387	31775
12388	31776
12389	31777
12390	31778
12391	31779
12392	31780
12393	31781
12394	31782
12395	31783
12396	31784
12397	31785
12398	31786
12399	31787
12400	31788
12401	31789
12402	31790
12403	31791
12404	31792
12405	31793
12406	31794
12407	31795
12408	31796
12409	31797
12410	31798
12411	31799
12412	31800
12413	31801
12414	31802
12415	31803
12416	31804
12417	31805
12418	31806
12419	31807
12420	31808
12421	31809
12422	31810
12423	31811
12424	31812
12425	31813
12426	31814
12427	31815
12428	31816
12429	31817
12430	31818
12431	31819
12432	31820
12433	31821
12434	31822
12435	31823
12436	31824
12437	31825
12438	31826
12439	31827
12440	31828
12441	31829
12442	31830
12443	31831
12444	31832
12445	31833
12446	31834
12447	31835
12448	31836
12449	31837
12450	31838
12451	31839
12452	31840
12453	31841
12454	31842
12455	31843
12456	31844
12457	31845
12458	31846
12459	31847
12460	31848
12461	31849
12462	31850
12463	31851
12464	31852
12465	31853
12466	31854
12467	31855
12468	31856
12469	31857
12470	31858
12471	31859
12472	31860
12473	31861
12474	31862
12475	31863
12476	31864
12477	31865
12478	31866
12479	31867
12480	31868
12481	31869
12482	31870
12483	31871
12484	31872
12485	31873
12486	31874
12487	31875
12488	31876
12489	31877
12490	31878
12491	31879
12492	31880
12493	31881
12494	31882
12495	31883
12496	31884
12497	31885
12498	31886
12499	31887
12500	31888
12501	31889
12502	31890
12503	31891
12504	31892
12505	31893
12506	31894
12507	31895
12508	31896
12509	31897
12510	31898
12511	31899
12512	31900
12513	31901
12514	31902
12515	31903
12516	31904
12517	31905
12518	31906
12519	31907
12520	31908
12521	31909
12522	31910
12523	31911
12524	31912
12525	31913
12526	31914
12527	31915
12528	31916
12529	31917
12530	31918
12531	31919
12532	31920
12533	31921
12534	31922
12535	31923
12536	31924
12537	31925
12538	31926
12539	31927
12540	31928
12541	31929
12542	31930
12543	31931
12544	31932
12545	31933
12546	31934
12547	31935
12548	31936
12549	31937
12550	31938
12551	31939
12552	31940
12553	31941
12554	31942
12555	31943
12556	31944
12557	31945
12558	31946
12559	31947
12560	31948
12561	31949
12562	31950
12563	31951
12564	31952
12565	31953
12566	31954
12567	31955
12568	31956
12569	31957
12570	31958
12571	31959
12572	31960
12573	31961
12574	31962
12575	31963
12576	31964
12577	31965
12578	31966
12579	31967
12580	31968
12581	31969
12582	31970
12583	31971
12584	31972
12585	31973
12586	31974
12587	31975
12588	31976
12589	31977
12590	31978
12591	31979
12592	31980
12593	31981
12594	31982
12595	31983
12596	31984
12597	31985
12598	31986
12599	31987
12600	31988
12601	31989
12602	31990
12603	31991
12604	31992
12605	31993
12606	31994
12607	31995
12608	31996
12609	31997
12610	31998
12611	31999
12612	32000
12613	32001
12614	32002
12615	32003
12616	32004
12617	32005
12618	32006
12619	32007
12620	32008
12621	32009
12622	32010
12623	32011
12624	32012
12625	32013
12626	32014
12627	32015
12628	32016
12629	32017
12630	32018
12631	32019
12632	32020
12633	32021
12634	32022
12635	32023
12636	32024
12637	32025
12638	32026
12639	32027
12640	32028
12641	32029
12642	32030
12643	32031
12644	32032
12645	32033
12646	32034
12647	32035
12648	32036
12649	32037
12650	32038
12651	32039
12652	32040
12653	32041
12654	32042
12655	32043
12656	32044
12657	32045
12658	32046
12659	32047
12660	32048
12661	32049
12662	32050
12663	32051
12664	32052
12665	32053
12666	32054
12667	32055
12668	32056
12669	32057
12670	32058
12671	32059
12672	32060
12673	32061
12674	32062
12675	32063
12676	32064
12677	32065
12678	32066
12679	32067
12680	32068
12681	32069
12682	32070
12683	32071
12684	32072
12685	32073
12686	32074
12687	32075
12688	32076
12689	32077
12690	32078
12691	32079
12692	32080
12693	32081
12694	32082
12695	32083
12696	32084
12697	32085
12698	32086
12699	32087
12700	32088
12701	32089
12702	32090
12703	32091
12704	32092
12705	32093
12706	32094
12707	32095
12708	32096
12709	32097
12710	32098
12711	32099
12712	32100
12713	32101
12714	32102
12715	32103
12716	32104
12717	32105
12718	32106
12719	32107
12720	32108
12721	32109
12722	32110
12723	32111
12724	32112
12725	32113
12726	32114
12727	32115
12728	32116
12729	32117
12730	32118
12731	32119
12732	32120
12733	32121
12734	32122
12735	32123
12736	32124
12737	32125
12738	32126
12739	32127
12740	32128
12741	32129
12742	32130
12743	32131
12744	32132
12745	32133
12746	32134
12747	32135
12748	32136
12749	32137
12750	32138
12751	32139
12752	32140
12753	32141
12754	32142
12755	32143
12756	32144
12757	32145
12758	32146
12759	32147
12760	32148
12761	32149
12762	32150
12763	32151
12764	32152
12765	32153
12766	32154
12767	32155
12768	32156
12769	32157
12770	32158
12771	32159
12772	32160
12773	32161
12774	32162
12775	32163
12776	32164
12777	32165
12778	32166
12779	32167
12780	32168
12781	32169
12782	32170
12783	32171
12784	32172
12785	32173
12786	32174
12787	32175
12788	32176
12789	32177
12790	32178
12791	32179
12792	32180
12793	32181
12794	32182
12795	32183
12796	32184
12797	32185
12798	32186
12799	32187
12800	32188
12801	32189
12802	32190
12803	32191
12804	32192
12805	32193
12806	32194
12807	32195
12808	32196
12809	32197
12810	32198
12811	32199
12812	32200
12813	32201
12814	32202
12815	32203
12816	32204
12817	32205
12818	32206
12819	32207
12820	32208
12821	32209
12822	32210
12823	32211
12824	32212
12825	32213
12826	32214
12827	32215
12828	32216
12829	32217
12830	32218
12831	32219
12832	32220
12833	32221
12834	32222
12835	32223
12836	32224
12837	32225
12838	32226
12839	32227
12840	32228
12841	32229
12842	32230
12843	32231
12844	32232
12845	32233
12846	32234
12847	32235
12848	32236
12849	32237
12850	32238
12851	32239
12852	32240
12853	32241
12854	32242
12855	32243
12856	32244
12857	32245
12858	32246
12859	32247
12860	32248
12861	32249
12862	32250
12863	32251
12864	32252
12865	32253
12866	32254
12867	32255
12868	32256
12869	32257
12870	32258
12871	32259
12872	32260
12873	32261
12874	32262
12875	32263
12876	32264
12877	32265
12878	32266
12879	32267
12880	32268
12881	32269
12882	32270
12883	32271
12884	32272
12885	32273
12886	32274
12887	32275
12888	32276
12889	32277
12890	32278
12891	32279
12892	32280
12893	32281
12894	32282
12895	32283
12896	32284
12897	32285
12898	32286
12899	32287
12900	32288
12901	32289
12902	32290
12903	32291
12904	32292
12905	32293
12906	32294
12907	32295
12908	32296
12909	32297
12910	32298
12911	32299
12912	32300
12913	32301
12914	32302
12915	32303
12916	32304
12917	32305
12918	32306
12919	32307
12920	32308
12921	32309
12922	32310
12923	32311
12924	32312
12925	32313
12926	32314
12927	32315
12928	32316
12929	32317
12930	32318
12931	32319
12932	32320
12933	32321
12934	32322
12935	32323
12936	32324
12937	32325
12938	32326
12939	32327
12940	32328
12941	32329
12942	32330
12943	32331
12944	32332
12945	32333
12946	32334
12947	32335
12948	32336
12949	32337
12950	32338
12951	32339
12952	32340
12953	32341
12954	32342
12955	32343
12956	32344
12957	32345
12958	32346
12959	32347
12960	32348
12961	32349
12962	32350
12963	32351
12964	32352
12965	32353
12966	32354
12967	32355
12968	32356
12969	32357
12970	32358
12971	32359
12972	32360
12973	32361
12974	32362
12975	32363
12976	32364
12977	32365
12978	32366
12979	32367
12980	32368
12981	32369
12982	32370
12983	32371
12984	32372
12985	32373
12986	32374
12987	32375
12988	32376
12989	32377
12990	32378
12991	32379
12992	32380
12993	32381
12994	32382
12995	32383
12996	32384
12997	32385
12998	32386
12999	32387
13000	32388
13001	32389
13002	32390
13003	32391
13004	32392
13005	32393
13006	32394
13007	32395
13008	32396
13009	32397
13010	32398
13011	32399
13012	32400
13013	32401
13014	32402
13015	32403
13016	32404
13017	32405
13018	32406
13019	32407
13020	32408
13021	32409
13022	32410
13023	32411
13024	32412
13025	32413
13026	32414
13027	32415
13028	32416
13029	32417
13030	32418
13031	32419
13032	32420
13033	32421
13034	32422
13035	32423
13036	32424
13037	32425
13038	32426
13039	32427
13040	32428
13041	32429
13042	32430
13043	32431
13044	32432
13045	32433
13046	32434
13047	32435
13048	32436
13049	32437
13050	32438
13051	32439
13052	32440
13053	32441
13054	32442
13055	32443
13056	32444
13057	32445
13058	32446
13059	32447
13060	32448
13061	32449
13062	32450
13063	32451
13064	32452
13065	32453
13066	32454
13067	32455
13068	32456
13069	32457
13070	32458
13071	32459
13072	32460
13073	32461
13074	32462
13075	32463
13076	32464
13077	32465
13078	32466
13079	32467
13080	32468
13081	32469
13082	32470
13083	32471
13084	32472
13085	32473
13086	32474
13087	32475
13088	32476
13089	32477
13090	32478
13091	32479
13092	32480
13093	32481
13094	32482
13095	32483
13096	32484
13097	32485
13098	32486
13099	32487
13100	32488
13101	32489
13102	32490
13103	32491
13104	32492
13105	32493
13106	32494
13107	32495
13108	32496
13109	32497
13110	32498
13111	32499
13112	32500
13113	32501
13114	32502
13115	32503
13116	32504
13117	32505
13118	32506
13119	32507
13120	32508
13121	32509
13122	32510
13123	32511
13124	32512
13125	32513
13126	32514
13127	32515
13128	32516
13129	32517
13130	32518
13131	32519
13132	32520
13133	32521
13134	32522
13135	32523
13136	32524
13137	32525
13138	32526
13139	32527
13140	32528
13141	32529
13142	32530
13143	32531
13144	32532
13145	32533
13146	32534
13147	32535
13148	32536
13149	32537
13150	32538
13151	32539
13152	32540
13153	32541
13154	32542
13155	32543
13156	32544
13157	32545
13158	32546
13159	32547
13160	32548
13161	32549
13162	32550
13163	32551
13164	32552
13165	32553
13166	32554
13167	32555
13168	32556
13169	32557
13170	32558
13171	32559
13172	32560
13173	32561
13174	32562
13175	32563
13176	32564
13177	32565
13178	32566
13179	32567
13180	32568
13181	32569
13182	32570
13183	32571
13184	32572
13185	32573
13186	32574
13187	32575
13188	32576
13189	32577
13190	32578
13191	32579
13192	32580
13193	32581
13194	32582
13195	32583
13196	32584
13197	32585
13198	32586
13199	32587
13200	32588
13201	32589
13202	32590
13203	32591
13204	32592
13205	32593
13206	32594
13207	32595
13208	32596
13209	32597
13210	32598
13211	32599
13212	32600
13213	32601
13214	32602
13215	32603
13216	32604
13217	32605
13218	32606
13219	32607
13220	32608
13221	32609
13222	32610
13223	32611
13224	32612
13225	32613
13226	32614
13227	32615
13228	32616
13229	32617
13230	32618
13231	32619
13232	32620
13233	32621
13234	32622
13235	32623
13236	32624
13237	32625
13238	32626
13239	32627
13240	32628
13241	32629
13242	32630
13243	32631
13244	32632
13245	32633
13246	32634
13247	32635
13248	32636
13249	32637
13250	32638
13251	32639
13252	32640
13253	32641
13254	32642
13255	32643
13256	32644
13257	32645
13258	32646
13259	32647
13260	32648
13261	32649
13262	32650
13263	32651
13264	32652
13265	32653
13266	32654
13267	32655
13268	32656
13269	32657
13270	32658
13271	32659
13272	32660
13273	32661
13274	32662
13275	32663
13276	32664
13277	32665
13278	32666
13279	32667
13280	32668
13281	32669
13282	32670
13283	32671
13284	32672
13285	32673
13286	32674
13287	32675
13288	32676
13289	32677
13290	32678
13291	32679
13292	32680
13293	32681
13294	32682
13295	32683
13296	32684
13297	32685
13298	32686
13299	32687
13300	32688
13301	32689
13302	32690
13303	32691
13304	32692
13305	32693
13306	32694
13307	32695
13308	32696
13309	32697
13310	32698
13311	32699
13312	32700
13313	32701
13314	32702
13315	32703
13316	32704
13317	32705
13318	32706
13319	32707
13320	32708
13321	32709
13322	32710
13323	32711
13324	32712
13325	32713
13326	32714
13327	32715
13328	32716
13329	32717
13330	32718
13331	32719
13332	32720
13333	32721
13334	32722
13335	32723
13336	32724
13337	32725
13338	32726
13339	32727
13340	32728
13341	32729
13342	32730
13343	32731
13344	32732
13345	32733
13346	32734
13347	32735
13348	32736
13349	32737
13350	32738
13351	32739
13352	32740
13353	32741
13354	32742
13355	32743
13356	32744
13357	32745
13358	32746
13359	32747
13360	32748
13361	32749
13362	32750
13363	32751
13364	32752
13365	32753
13366	32754
13367	32755
13368	32756
13369	32757
13370	32758
13371	32759
13372	32760
13373	32761
13374	32762
13375	32763
13376	32764
13377	32765
13378	32766
13379	32767
13380	32768
13381	32769
13382	32770
13383	32771
13384	32772
13385	32773
13386	32774
13387	32775
13388	32776
13389	32777
13390	32778
13391	32779
13392	32780
13393	32781
13394	32782
13395	32783
13396	32784
13397	32785
13398	32786
13399	32787
13400	32788
13401	32789
13402	32790
13403	32791
13404	32792
13405	32793
13406	32794
13407	32795
13408	32796
13409	32797
13410	32798
13411	32799
13412	32800
13413	32801
13414	32802
13415	32803
13416	32804
13417	32805
13418	32806
13419	32807
13420	32808
13421	32809
13422	32810
13423	32811
13424	32812
13425	32813
13426	32814
13427	32815
13428	32816
13429	32817
13430	32818
13431	32819
13432	32820
13433	32821
13434	32822
13435	32823
13436	32824
13437	32825
13438	32826
13439	32827
13440	32828
13441	32829
13442	32830
13443	32831
13444	32832
13445	32833
13446	32834
13447	32835
13448	32836
13449	32837
13450	32838
13451	32839
13452	32840
13453	32841
13454	32842
13455	32843
13456	32844
13457	32845
13458	32846
13459	32847
13460	32848
13461	32849
13462	32850
13463	32851
13464	32852
13465	32853
13466	32854
13467	32855
13468	32856
13469	32857
13470	32858
13471	32859
13472	32860
13473	32861
13474	32862
13475	32863
13476	32864
13477	32865
13478	32866
13479	32867
13480	32868
13481	32869
13482	32870
13483	32871
13484	32872
13485	32873
13486	32874
13487	32875
13488	32876
13489	32877
13490	32878
13491	32879
13492	32880
13493	32881
13494	32882
13495	32883
13496	32884
13497	32885
13498	32886
13499	32887
13500	32888
13501	32889
13502	32890
13503	32891
13504	32892
13505	32893
13506	32894
13507	32895
13508	32896
13509	32897
13510	32898
13511	32899
13512	32900
13513	32901
13514	32902
13515	32903
13516	32904
13517	32905
13518	32906
13519	32907
13520	32908
13521	32909
13522	32910
13523	32911
13524	32912
13525	32913
13526	32914
13527	32915
13528	32916
13529	32917
13530	32918
13531	32919
13532	32920
13533	32921
13534	32922
13535	32923
13536	32924
13537	32925
13538	32926
13539	32927
13540	32928
13541	32929
13542	32930
13543	32931
13544	32932
13545	32933
13546	32934
13547	32935
13548	32936
13549	32937
13550	32938
13551	32939
13552	32940
13553	32941
13554	32942
13555	32943
13556	32944
13557	32945
13558	32946
13559	32947
13560	32948
13561	32949
13562	32950
13563	32951
13564	32952
13565	32953
13566	32954
13567	32955
13568	32956
13569	32957
13570	32958
13571	32959
13572	32960
13573	32961
13574	32962
13575	32963
13576	32964
13577	32965
13578	32966
13579	32967
13580	32968
13581	32969
13582	32970
13583	32971
13584	32972
13585	32973
13586	32974
13587	32975
13588	32976
13589	32977
13590	32978
13591	32979
13592	32980
13593	32981
13594	32982
13595	32983
13596	32984
13597	32985
13598	32986
13599	32987
13600	32988
13601	32989
13602	32990
13603	32991
13604	32992
13605	32993
13606	32994
13607	32995
13608	32996
13609	32997
13610	32998
13611	32999
13612	33000
13613	33001
13614	33002
13615	33003
13616	33004
13617	33005
13618	33006
13619	33007
13620	33008
13621	33009
13622	33010
13623	33011
13624	33012
13625	33013
13626	33014
13627	33015
13628	33016
13629	33017
13630	33018
13631	33019
13632	33020
13633	33021
13634	33022
13635	33023
13636	33024
13637	33025
13638	33026
13639	33027
13640	33028
13641	33029
13642	33030
13643	33031
13644	33032
13645	33033
13646	33034
13647	33035
13648	33036
13649	33037
13650	33038
13651	33039
13652	33040
13653	33041
13654	33042
13655	33043
13656	33044
13657	33045
13658	33046
13659	33047
13660	33048
13661	33049
13662	33050
13663	33051
13664	33052
13665	33053
13666	33054
13667	33055
13668	33056
13669	33057
13670	33058
13671	33059
13672	33060
13673	33061
13674	33062
13675	33063
13676	33064
13677	33065
13678	33066
13679	33067
13680	33068
13681	33069
13682	33070
13683	33071
13684	33072
13685	33073
13686	33074
13687	33075
13688	33076
13689	33077
13690	33078
13691	33079
13692	33080
13693	33081
13694	33082
13695	33083
13696	33084
13697	33085
13698	33086
13699	33087
13700	33088
13701	33089
13702	33090
13703	33091
13704	33092
13705	33093
13706	33094
13707	33095
13708	33096
13709	33097
13710	33098
13711	33099
13712	33100
13713	33101
13714	33102
13715	33103
13716	33104
13717	33105
13718	33106
13719	33107
13720	33108
13721	33109
13722	33110
13723	33111
13724	33112
13725	33113
13726	33114
13727	33115
13728	33116
13729	33117
13730	33118
13731	33119
13732	33120
13733	33121
13734	33122
13735	33123
13736	33124
13737	33125
13738	33126
13739	33127
13740	33128
13741	33129
13742	33130
13743	33131
13744	33132
13745	33133
13746	33134
13747	33135
13748	33136
13749	33137
13750	33138
13751	33139
13752	33140
13753	33141
13754	33142
13755	33143
13756	33144
13757	33145
13758	33146
13759	33147
13760	33148
13761	33149
13762	33150
13763	33151
13764	33152
13765	33153
13766	33154
13767	33155
13768	33156
13769	33157
13770	33158
13771	33159
13772	33160
13773	33161
13774	33162
13775	33163
13776	33164
13777	33165
13778	33166
13779	33167
13780	33168
13781	33169
13782	33170
13783	33171
13784	33172
13785	33173
13786	33174
13787	33175
13788	33176
13789	33177
13790	33178
13791	33179
13792	33180
13793	33181
13794	33182
13795	33183
13796	33184
13797	33185
13798	33186
13799	33187
13800	33188
13801	33189
13802	33190
13803	33191
13804	33192
13805	33193
13806	33194
13807	33195
13808	33196
13809	33197
13810	33198
13811	33199
13812	33200
13813	33201
13814	33202
13815	33203
13816	33204
13817	33205
13818	33206
13819	33207
13820	33208
13821	33209
13822	33210
13823	33211
13824	33212
13825	33213
13826	33214
13827	33215
13828	33216
13829	33217
13830	33218
13831	33219
13832	33220
13833	33221
13834	33222
13835	33223
13836	33224
13837	33225
13838	33226
13839	33227
13840	33228
13841	33229
13842	33230
13843	33231
13844	33232
13845	33233
13846	33234
13847	33235
13848	33236
13849	33237
13850	33238
13851	33239
13852	33240
13853	33241
13854	33242
13855	33243
13856	33244
13857	33245
13858	33246
13859	33247
13860	33248
13861	33249
13862	33250
13863	33251
13864	33252
13865	33253
13866	33254
13867	33255
13868	33256
13869	33257
13870	33258
13871	33259
13872	33260
13873	33261
13874	33262
13875	33263
13876	33264
13877	33265
13878	33266
13879	33267
13880	33268
13881	33269
13882	33270
13883	33271
13884	33272
13885	33273
13886	33274
13887	33275
13888	33276
13889	33277
13890	33278
13891	33279
13892	33280
13893	33281
13894	33282
13895	33283
13896	33284
13897	33285
13898	33286
13899	33287
13900	33288
13901	33289
13902	33290
13903	33291
13904	33292
13905	33293
13906	33294
13907	33295
13908	33296
13909	33297
13910	33298
13911	33299
13912	33300
13913	33301
13914	33302
13915	33303
13916	33304
13917	33305
13918	33306
13919	33307
13920	33308
13921	33309
13922	33310
13923	33311
13924	33312
13925	33313
13926	33314
13927	33315
13928	33316
13929	33317
13930	33318
13931	33319
13932	33320
13933	33321
13934	33322
13935	33323
13936	33324
13937	33325
13938	33326
13939	33327
13940	33328
13941	33329
13942	33330
13943	33331
13944	33332
13945	33333
13946	33334
13947	33335
13948	33336
13949	33337
13950	33338
13951	33339
13952	33340
13953	33341
13954	33342
13955	33343
13956	33344
13957	33345
13958	33346
13959	33347
13960	33348
13961	33349
13962	33350
13963	33351
13964	33352
13965	33353
13966	33354
13967	33355
13968	33356
13969	33357
13970	33358
13971	33359
13972	33360
13973	33361
13974	33362
13975	33363
13976	33364
13977	33365
13978	33366
13979	33367
13980	33368
13981	33369
13982	33370
13983	33371
13984	33372
13985	33373
13986	33374
13987	33375
13988	33376
13989	33377
13990	33378
13991	33379
13992	33380
13993	33381
13994	33382
13995	33383
13996	33384
13997	33385
13998	33386
13999	33387
14000	33388
14001	33389
14002	33390
14003	33391
14004	33392
14005	33393
14006	33394
14007	33395
14008	33396
14009	33397
14010	33398
14011	33399
14012	33400
14013	33401
14014	33402
14015	33403
14016	33404
14017	33405
14018	33406
14019	33407
14020	33408
14021	33409
14022	33410
14023	33411
14024	33412
14025	33413
14026	33414
14027	33415
14028	33416
14029	33417
14030	33418
14031	33419
14032	33420
14033	33421
14034	33422
14035	33423
14036	33424
14037	33425
14038	33426
14039	33427
14040	33428
14041	33429
14042	33430
14043	33431
14044	33432
14045	33433
14046	33434
14047	33435
14048	33436
14049	33437
14050	33438
14051	33439
14052	33440
14053	33441
14054	33442
14055	33443
14056	33444
14057	33445
14058	33446
14059	33447
14060	33448
14061	33449
14062	33450
14063	33451
14064	33452
14065	33453
14066	33454
14067	33455
14068	33456
14069	33457
14070	33458
14071	33459
14072	33460
14073	33461
14074	33462
14075	33463
14076	33464
14077	33465
14078	33466
14079	33467
14080	33468
14081	33469
14082	33470
14083	33471
14084	33472
14085	33473
14086	33474
14087	33475
14088	33476
14089	33477
14090	33478
14091	33479
14092	33480
14093	33481
14094	33482
14095	33483
14096	33484
14097	33485
14098	33486
14099	33487
14100	33488
14101	33489
14102	33490
14103	33491
14104	33492
14105	33493
14106	33494
14107	33495
14108	33496
14109	33497
14110	33498
14111	33499
14112	33500
14113	33501
14114	33502
14115	33503
14116	33504
14117	33505
14118	33506
14119	33507
14120	33508
14121	33509
14122	33510
14123	33511
14124	33512
14125	33513
14126	33514
14127	33515
14128	33516
14129	33517
14130	33518
14131	33519
14132	33520
14133	33521
14134	33522
14135	33523
14136	33524
14137	33525
14138	33526
14139	33527
14140	33528
14141	33529
14142	33530
14143	33531
14144	33532
14145	33533
14146	33534
14147	33535
14148	33536
14149	33537
14150	33538
14151	33539
14152	33540
14153	33541
14154	33542
14155	33543
14156	33544
14157	33545
14158	33546
14159	33547
14160	33548
14161	33549
14162	33550
14163	33551
14164	33552
14165	33553
14166	33554
14167	33555
14168	33556
14169	33557
14170	33558
14171	33559
14172	33560
14173	33561
14174	33562
14175	33563
14176	33564
14177	33565
14178	33566
14179	33567
14180	33568
14181	33569
14182	33570
14183	33571
14184	33572
14185	33573
14186	33574
14187	33575
14188	33576
14189	33577
14190	33578
14191	33579
14192	33580
14193	33581
14194	33582
14195	33583
14196	33584
14197	33585
14198	33586
14199	33587
14200	33588
14201	33589
14202	33590
14203	33591
14204	33592
14205	33593
14206	33594
14207	33595
14208	33596
14209	33597
14210	33598
14211	33599
14212	33600
14213	33601
14214	33602
14215	33603
14216	33604
14217	33605
14218	33606
14219	33607
14220	33608
14221	33609
14222	33610
14223	33611
14224	33612
14225	33613
14226	33614
14227	33615
14228	33616
14229	33617
14230	33618
14231	33619
14232	33620
14233	33621
14234	33622
14235	33623
14236	33624
14237	33625
14238	33626
14239	33627
14240	33628
14241	33629
14242	33630
14243	33631
14244	33632
14245	33633
14246	33634
14247	33635
14248	33636
14249	33637
14250	33638
14251	33639
14252	33640
14253	33641
14254	33642
14255	33643
14256	33644
14257	33645
14258	33646
14259	33647
14260	33648
14261	33649
14262	33650
14263	33651
14264	33652
14265	33653
14266	33654
14267	33655
14268	33656
14269	33657
14270	33658
14271	33659
14272	33660
14273	33661
14274	33662
14275	33663
14276	33664
14277	33665
14278	33666
14279	33667
14280	33668
14281	33669
14282	33670
14283	33671
14284	33672
14285	33673
14286	33674
14287	33675
14288	33676
14289	33677
14290	33678
14291	33679
14292	33680
14293	33681
14294	33682
14295	33683
14296	33684
14297	33685
14298	33686
14299	33687
14300	33688
14301	33689
14302	33690
14303	33691
14304	33692
14305	33693
14306	33694
14307	33695
14308	33696
14309	33697
14310	33698
14311	33699
14312	33700
14313	33701
14314	33702
14315	33703
14316	33704
14317	33705
14318	33706
14319	33707
14320	33708
14321	33709
14322	33710
14323	33711
14324	33712
14325	33713
14326	33714
14327	33715
14328	33716
14329	33717
14330	33718
14331	33719
14332	33720
14333	33721
14334	33722
14335	33723
14336	33724
14337	33725
14338	33726
14339	33727
14340	33728
14341	33729
14342	33730
14343	33731
14344	33732
14345	33733
14346	33734
14347	33735
14348	33736
14349	33737
14350	33738
14351	33739
14352	33740
14353	33741
14354	33742
14355	33743
14356	33744
14357	33745
14358	33746
14359	33747
14360	33748
14361	33749
14362	33750
14363	33751
14364	33752
14365	33753
14366	33754
14367	33755
14368	33756
14369	33757
14370	33758
14371	33759
14372	33760
14373	33761
14374	33762
14375	33763
14376	33764
14377	33765
14378	33766
14379	33767
14380	33768
14381	33769
14382	33770
14383	33771
14384	33772
14385	33773
14386	33774
14387	33775
14388	33776
14389	33777
14390	33778
14391	33779
14392	33780
14393	33781
14394	33782
14395	33783
14396	33784
14397	33785
14398	33786
14399	33787
14400	33788
14401	33789
14402	33790
14403	33791
14404	33792
14405	33793
14406	33794
14407	33795
14408	33796
14409	33797
14410	33798
14411	33799
14412	33800
14413	33801
14414	33802
14415	33803
14416	33804
14417	33805
14418	33806
14419	33807
14420	33808
14421	33809
14422	33810
14423	33811
14424	33812
14425	33813
14426	33814
14427	33815
14428	33816
14429	33817
14430	33818
14431	33819
14432	33820
14433	33821
14434	33822
14435	33823
14436	33824
14437	33825
14438	33826
14439	33827
14440	33828
14441	33829
14442	33830
14443	33831
14444	33832
14445	33833
14446	33834
14447	33835
14448	33836
14449	33837
14450	33838
14451	33839
14452	33840
14453	33841
14454	33842
14455	33843
14456	33844
14457	33845
14458	33846
14459	33847
14460	33848
14461	33849
14462	33850
14463	33851
14464	33852
14465	33853
14466	33854
14467	33855
14468	33856
14469	33857
14470	33858
14471	33859
14472	33860
14473	33861
14474	33862
14475	33863
14476	33864
14477	33865
14478	33866
14479	33867
14480	33868
14481	33869
14482	33870
14483	33871
14484	33872
14485	33873
14486	33874
14487	33875
14488	33876
14489	33877
14490	33878
14491	33879
14492	33880
14493	33881
14494	33882
14495	33883
14496	33884
14497	33885
14498	33886
14499	33887
14500	33888
14501	33889
14502	33890
14503	33891
14504	33892
14505	33893
14506	33894
14507	33895
14508	33896
14509	33897
14510	33898
14511	33899
14512	33900
14513	33901
14514	33902
14515	33903
14516	33904
14517	33905
14518	33906
14519	33907
14520	33908
14521	33909
14522	33910
14523	33911
14524	33912
14525	33913
14526	33914
14527	33915
14528	33916
14529	33917
14530	33918
14531	33919
14532	33920
14533	33921
14534	33922
14535	33923
14536	33924
14537	33925
14538	33926
14539	33927
14540	33928
14541	33929
14542	33930
14543	33931
14544	33932
14545	33933
14546	33934
14547	33935
14548	33936
14549	33937
14550	33938
14551	33939
14552	33940
14553	33941
14554	33942
14555	33943
14556	33944
14557	33945
14558	33946
14559	33947
14560	33948
14561	33949
14562	33950
14563	33951
14564	33952
14565	33953
14566	33954
14567	33955
14568	33956
14569	33957
14570	33958
14571	33959
14572	33960
14573	33961
14574	33962
14575	33963
14576	33964
14577	33965
14578	33966
14579	33967
14580	33968
14581	33969
14582	33970
14583	33971
14584	33972
14585	33973
14586	33974
14587	33975
14588	33976
14589	33977
14590	33978
14591	33979
14592	33980
14593	33981
14594	33982
14595	33983
14596	33984
14597	33985
14598	33986
14599	33987
14600	33988
14601	33989
14602	33990
14603	33991
14604	33992
14605	33993
14606	33994
14607	33995
14608	33996
14609	33997
14610	33998
14611	33999
14612	34000
14613	34001
14614	34002
14615	34003
14616	34004
14617	34005
14618	34006
14619	34007
14620	34008
14621	34009
14622	34010
14623	34011
14624	34012
14625	34013
14626	34014
14627	34015
14628	34016
14629	34017
14630	34018
14631	34019
14632	34020
14633	34021
14634	34022
14635	34023
14636	34024
14637	34025
14638	34026
14639	34027
14640	34028
14641	34029
14642	34030
14643	34031
14644	34032
14645	34033
14646	34034
14647	34035
14648	34036
14649	34037
14650	34038
14651	34039
14652	34040
14653	34041
14654	34042
14655	34043
14656	34044
14657	34045
14658	34046
14659	34047
14660	34048
14661	34049
14662	34050
14663	34051
14664	34052
14665	34053
14666	34054
14667	34055
14668	34056
14669	34057
14670	34058
14671	34059
14672	34060
14673	34061
14674	34062
14675	34063
14676	34064
14677	34065
14678	34066
14679	34067
14680	34068
14681	34069
14682	34070
14683	34071
14684	34072
14685	34073
14686	34074
14687	34075
14688	34076
14689	34077
14690	34078
14691	34079
14692	34080
14693	34081
14694	34082
14695	34083
14696	34084
14697	34085
14698	34086
14699	34087
14700	34088
14701	34089
14702	34090
14703	34091
14704	34092
14705	34093
14706	34094
14707	34095
14708	34096
14709	34097
14710	34098
14711	34099
14712	34100
14713	34101
14714	34102
14715	34103
14716	34104
14717	34105
14718	34106
14719	34107
14720	34108
14721	34109
14722	34110
14723	34111
14724	34112
14725	34113
14726	34114
14727	34115
14728	34116
14729	34117
14730	34118
14731	34119
14732	34120
14733	34121
14734	34122
14735	34123
14736	34124
14737	34125
14738	34126
14739	34127
14740	34128
14741	34129
14742	34130
14743	34131
14744	34132
14745	34133
14746	34134
14747	34135
14748	34136
14749	34137
14750	34138
14751	34139
14752	34140
14753	34141
14754	34142
14755	34143
14756	34144
14757	34145
14758	34146
14759	34147
14760	34148
14761	34149
14762	34150
14763	34151
14764	34152
14765	34153
14766	34154
14767	34155
14768	34156
14769	34157
14770	34158
14771	34159
14772	34160
14773	34161
14774	34162
14775	34163
14776	34164
14777	34165
14778	34166
14779	34167
14780	34168
14781	34169
14782	34170
14783	34171
14784	34172
14785	34173
14786	34174
14787	34175
14788	34176
14789	34177
14790	34178
14791	34179
14792	34180
14793	34181
14794	34182
14795	34183
14796	34184
14797	34185
14798	34186
14799	34187
14800	34188
14801	34189
14802	34190
14803	34191
14804	34192
14805	34193
14806	34194
14807	34195
14808	34196
14809	34197
14810	34198
14811	34199
14812	34200
14813	34201
14814	34202
14815	34203
14816	34204
14817	34205
14818	34206
14819	34207
14820	34208
14821	34209
14822	34210
14823	34211
14824	34212
14825	34213
14826	34214
14827	34215
14828	34216
14829	34217
14830	34218
14831	34219
14832	34220
14833	34221
14834	34222
14835	34223
14836	34224
14837	34225
14838	34226
14839	34227
14840	34228
14841	34229
14842	34230
14843	34231
14844	34232
14845	34233
14846	34234
14847	34235
14848	34236
14849	34237
14850	34238
14851	34239
14852	34240
14853	34241
14854	34242
14855	34243
14856	34244
14857	34245
14858	34246
14859	34247
14860	34248
14861	34249
14862	34250
14863	34251
14864	34252
14865	34253
14866	34254
14867	34255
14868	34256
14869	34257
14870	34258
14871	34259
14872	34260
14873	34261
14874	34262
14875	34263
14876	34264
14877	34265
14878	34266
14879	34267
14880	34268
14881	34269
14882	34270
14883	34271
14884	34272
14885	34273
14886	34274
14887	34275
14888	34276
14889	34277
14890	34278
14891	34279
14892	34280
14893	34281
14894	34282
14895	34283
14896	34284
14897	34285
14898	34286
14899	34287
14900	34288
14901	34289
14902	34290
14903	34291
14904	34292
14905	34293
14906	34294
14907	34295
14908	34296
14909	34297
14910	34298
14911	34299
14912	34300
14913	34301
14914	34302
14915	34303
14916	34304
14917	34305
14918	34306
14919	34307
14920	34308
14921	34309
14922	34310
14923	34311
14924	34312
14925	34313
14926	34314
14927	34315
14928	34316
14929	34317
14930	34318
14931	34319
14932	34320
14933	34321
14934	34322
14935	34323
14936	34324
14937	34325
14938	34326
14939	34327
14940	34328
14941	34329
14942	34330
14943	34331
14944	34332
14945	34333
14946	34334
14947	34335
14948	34336
14949	34337
14950	34338
14951	34339
14952	34340
14953	34341
14954	34342
14955	34343
14956	34344
14957	34345
14958	34346
14959	34347
14960	34348
14961	34349
14962	34350
14963	34351
14964	34352
14965	34353
14966	34354
14967	34355
14968	34356
14969	34357
14970	34358
14971	34359
14972	34360
14973	34361
14974	34362
14975	34363
14976	34364
14977	34365
14978	34366
14979	34367
14980	34368
14981	34369
14982	34370
14983	34371
14984	34372
14985	34373
14986	34374
14987	34375
14988	34376
14989	34377
14990	34378
14991	34379
14992	34380
14993	34381
14994	34382
14995	34383
14996	34384
14997	34385
14998	34386
14999	34387
