5403	25217
3263	23077
8225	28039
8011	27825
9475	29289
2775	22589
5110	24924
667	20481
2423	22237
7110	26924
6750	26564
3935	23749
4144	23958
4439	24253
8248	28062
7953	27767
1728	21542
7873	27687
8151	27965
8743	28557
4591	24405
4611	24425
8419	28233
179	19993
6905	26719
1070	20884
1518	21332
4656	24470
7323	27137
6626	26440
3670	23484
8229	28043
442	20256
7714	27528
6062	25876
3001	22815
306	20120
674	20488
4092	23906
2105	21919
1308	21122
8585	28399
2031	21845
6168	25982
3365	23179
5024	24838
6131	25945
7208	27022
6539	26353
635	20449
6921	26735
8282	28096
7179	26993
2816	22630
5220	25034
8586	28400
3535	23349
45	19859
3380	23194
1113	20927
1700	21514
7864	27678
9700	29514
9062	28876
8311	28125
9346	29160
4032	23846
7776	27590
10277	30091
6293	26107
3909	23723
3432	23246
2650	22464
531	20345
4735	24549
443	20257
6987	26801
3124	22938
5832	25646
8537	28351
723	20537
3209	23023
9764	29578
8823	28637
880	20694
4166	23980
2440	22254
8255	28069
7121	26935
9774	29588
3658	23472
8636	28450
6828	26642
4214	24028
1421	21235
5380	25194
10072	29886
9331	29145
5758	25572
8382	28196
9285	29099
466	20280
4718	24532
7083	26897
2013	21827
9775	29589
3160	22974
3310	23124
5505	25319
5374	25188
8270	28084
9352	29166
5759	25573
8550	28364
2846	22660
8848	28662
7183	26997
1484	21298
5931	25745
7943	27757
4005	23819
130	19944
4113	23927
10371	30185
6552	26366
2982	22796
956	20770
1793	21607
8252	28066
7180	26994
8598	28412
8751	28565
10409	30223
8991	28805
8597	28411
1752	21566
7629	27443
6981	26795
6484	26298
9583	29397
9779	29593
10165	29979
2730	22544
5354	25168
4917	24731
10158	29972
1057	20871
9171	28985
4972	24786
3882	23696
4802	24616
4211	24025
6172	25986
6141	25955
7482	27296
9753	29567
6214	26028
3331	23145
8562	28376
1809	21623
5245	25059
10388	30202
6866	26680
6340	26154
4217	24031
8266	28080
195	20009
633	20447
3880	23694
908	20722
959	20773
6304	26118
5614	25428
4187	24001
7427	27241
9061	28875
3327	23141
6235	26049
2185	21999
3430	23244
7641	27455
9696	29510
8233	28047
7606	27420
8613	28427
4490	24304
9364	29178
8342	28156
796	20610
3929	23743
3180	22994
9944	29758
794	20608
3250	23064
7239	27053
4728	24542
5180	24994
6089	25903
213	20027
10109	29923
5202	25016
4064	23878
3487	23301
613	20427
7092	26906
10348	30162
4973	24787
3762	23576
8320	28134
6537	26351
8133	27947
6989	26803
2285	22099
1571	21385
4306	24120
1014	20828
1826	21640
5029	24843
814	20628
8638	28452
318	20132
8625	28439
5696	25510
6653	26467
4937	24751
7380	27194
5716	25530
7424	27238
4554	24368
2402	22216
3718	23532
5674	25488
9585	29399
2964	22778
8405	28219
9335	29149
3171	22985
3052	22866
10147	29961
5753	25567
2175	21989
3276	23090
5446	25260
7313	27127
4480	24294
8832	28646
10292	30106
5436	25250
3543	23357
10142	29956
412	20226
2520	22334
5672	25486
1319	21133
6563	26377
4648	24462
1339	21153
6023	25837
9866	29680
1	19815
6222	26036
9683	29497
2279	22093
9266	29080
6520	26334
9608	29422
8366	28180
1219	21033
4846	24660
7087	26901
3580	23394
4699	24513
1937	21751
5450	25264
7115	26929
5835	25649
165	19979
5158	24972
4443	24257
10179	29993
1736	21550
6581	26395
3352	23166
6334	26148
3376	23190
6260	26074
8572	28386
9530	29344
7964	27778
5355	25169
4216	24030
1223	21037
6691	26505
3139	22953
3872	23686
9636	29450
6453	26267
5463	25277
1865	21679
4165	23979
5031	24845
4212	24026
7412	27226
3244	23058
5230	25044
7212	27026
9987	29801
4448	24262
6920	26734
1418	21232
1907	21721
3214	23028
9865	29679
234	20048
5863	25677
9458	29272
8781	28595
538	20352
8488	28302
2136	21950
6489	26303
6497	26311
3664	23478
5109	24923
3663	23477
2318	22132
2655	22469
721	20535
9358	29172
1513	21327
786	20600
9468	29282
6874	26688
6387	26201
1007	20821
7892	27706
1593	21407
6256	26070
711	20525
8493	28307
9516	29330
8707	28521
1210	21024
4047	23861
6270	26084
4438	24252
5229	25043
8741	28555
3421	23235
9385	29199
9568	29382
3528	23342
10399	30213
3841	23655
7370	27184
8220	28034
6418	26232
8526	28340
3312	23126
3153	22967
2686	22500
2025	21839
7749	27563
2970	22784
9323	29137
4167	23981
6030	25844
2127	21941
7870	27684
3325	23139
1855	21669
5639	25453
2938	22752
1649	21463
6394	26208
6126	25940
4541	24355
1915	21729
35	19849
2705	22519
5911	25725
7141	26955
6995	26809
3134	22948
3987	23801
2307	22121
128	19942
3063	22877
237	20051
8347	28161
9671	29485
4904	24718
7095	26909
1266	21080
9971	29785
7497	27311
4938	24752
6894	26708
4780	24594
6802	26616
7089	26903
3765	23579
4842	24656
6902	26716
2383	22197
9840	29654
9930	29744
6391	26205
10290	30104
6710	26524
504	20318
2789	22603
8273	28087
5495	25309
7093	26907
6541	26355
7780	27594
1987	21801
10384	30198
679	20493
4209	24023
3820	23634
1107	20921
7077	26891
9218	29032
8540	28354
2861	22675
3021	22835
6861	26675
5956	25770
7263	27077
987	20801
5013	24827
7463	27277
2656	22470
4478	24292
204	20018
2518	22332
6607	26421
3222	23036
8816	28630
5610	25424
1970	21784
9177	28991
5213	25027
5314	25128
6615	26429
6834	26648
1608	21422
6142	25956
4612	24426
8096	27910
4733	24547
6631	26445
7035	26849
5548	25362
3708	23522
9816	29630
2963	22777
7414	27228
2516	22330
5206	25020
6764	26578
4385	24199
449	20263
6451	26265
58	19872
968	20782
3457	23271
6663	26477
9718	29532
5990	25804
6644	26458
775	20589
4804	24618
2874	22688
6951	26765
1120	20934
3611	23425
8149	27963
6163	25977
8609	28423
2336	22150
7153	26967
4352	24166
5746	25560
10315	30129
9040	28854
533	20347
555	20369
6699	26513
1096	20910
235	20049
5966	25780
1808	21622
6620	26434
6413	26227
571	20385
1761	21575
3666	23480
4327	24141
1420	21234
5960	25774
7798	27612
4862	24676
2375	22189
387	20201
6438	26252
4766	24580
10020	29834
9054	28868
5057	24871
9444	29258
8710	28524
6622	26436
2370	22184
1622	21436
2033	21847
219	20033
4472	24286
7282	27096
10043	29857
8807	28621
4703	24517
6609	26423
9483	29297
603	20417
4986	24800
3958	23772
6978	26792
8496	28310
208	20022
6957	26771
5593	25407
121	19935
4175	23989
5365	25179
5276	25090
7322	27136
1525	21339
5943	25757
4035	23849
4246	24060
4261	24075
10469	30283
617	20431
3200	23014
8357	28171
6133	25947
1204	21018
3305	23119
5090	24904
2568	22382
9029	28843
48	19862
998	20812
7059	26873
3193	23007
1454	21268
3529	23343
6427	26241
6251	26065
358	20172
3489	23303
650	20464
2706	22520
2588	22402
2987	22801
4351	24165
9452	29266
2580	22394
5870	25684
6772	26586
2139	21953
1217	21031
1803	21617
6611	26425
7903	27717
826	20640
7249	27063
8312	28126
648	20462
5165	24979
1239	21053
1205	21019
6875	26689
1013	20827
1433	21247
4588	24402
7913	27727
229	20043
9495	29309
8611	28425
3499	23313
1436	21250
5712	25526
10266	30080
2676	22490
2210	22024
3007	22821
3202	23016
3073	22887
878	20692
2167	21981
10174	29988
377	20191
915	20729
479	20293
8881	28695
9443	29257
9824	29638
8796	28610
1474	21288
9134	28948
6888	26702
441	20255
3691	23505
5173	24987
9695	29509
1956	21770
10377	30191
2823	22637
93	19907
4781	24595
1313	21127
8835	28649
7877	27691
3777	23591
4558	24372
10234	30048
1931	21745
6576	26390
663	20477
671	20485
569	20383
4950	24764
206	20020
9300	29114
5838	25652
2661	22475
8148	27962
295	20109
8724	28538
5502	25316
4702	24516
2344	22158
1843	21657
5794	25608
6570	26384
4502	24316
4869	24683
1709	21523
1927	21741
5241	25055
4489	24303
1130	20944
8400	28214
10395	30209
5527	25341
3492	23306
1872	21686
8444	28258
2042	21856
10442	30256
2948	22762
524	20338
10096	29910
461	20275
598	20412
2119	21933
4655	24469
2927	22741
9891	29705
4690	24504
5422	25236
5166	24980
7078	26892
1492	21306
7210	27024
8808	28622
10254	30068
9360	29174
2131	21945
675	20489
6982	26796
2934	22748
3093	22907
5351	25165
7069	26883
7073	26887
3893	23707
3634	23448
8150	27964
7273	27087
2560	22374
5094	24908
1710	21524
8654	28468
3865	23679
8633	28447
477	20291
3793	23607
2376	22190
7519	27333
5378	25192
6736	26550
2100	21914
1538	21352
6813	26627
4310	24124
7015	26829
5026	24840
9114	28928
4610	24424
2408	22222
9796	29610
10090	29904
487	20301
8067	27881
3348	23162
2984	22798
8756	28570
6238	26052
3458	23272
8113	27927
6477	26291
3994	23808
2125	21939
2420	22234
6122	25936
9320	29134
3615	23429
660	20474
1233	21047
593	20407
6365	26179
1216	21030
4054	23868
6535	26349
6827	26641
5455	25269
5438	25252
9761	29575
2653	22467
2322	22136
9234	29048
800	20614
9575	29389
9902	29716
298	20112
8056	27870
9192	29006
2586	22400
8473	28287
8739	28553
8057	27871
5001	24815
9836	29650
7157	26971
6596	26410
558	20372
9897	29711
4994	24808
694	20508
7442	27256
4755	24569
9304	29118
8047	27861
5081	24895
2302	22116
7266	27080
7711	27525
7934	27748
2300	22114
3576	23390
1739	21553
6161	25975
2899	22713
439	20253
5647	25461
4052	23866
4215	24029
3190	23004
8253	28067
4527	24341
9574	29388
7538	27352
2081	21895
1896	21710
3097	22911
8821	28635
10084	29898
3800	23614
5313	25127
4249	24063
9182	28996
4051	23865
5055	24869
1495	21309
9601	29415
8982	28796
7034	26848
6958	26772
3524	23338
5970	25784
9790	29604
9811	29625
6873	26687
8086	27900
3786	23600
553	20367
1913	21727
5002	24816
8084	27898
3770	23584
1619	21433
1150	20964
2371	22185
7960	27774
9499	29313
8682	28496
5999	25813
1967	21781
7423	27237
5697	25511
2134	21948
4198	24012
3377	23191
1101	20915
3296	23110
3500	23314
5036	24850
5282	25096
3774	23588
7019	26833
9959	29773
4154	23968
9273	29087
1142	20956
9559	29373
8268	28082
2090	21904
8862	28676
4600	24414
9287	29101
4203	24017
4857	24671
5416	25230
7135	26949
6677	26491
1621	21435
10318	30132
255	20069
7517	27331
8258	28072
1965	21779
47	19861
9403	29217
5853	25667
6138	25952
7979	27793
8117	27931
8868	28682
6994	26808
1255	21069
10182	29996
9481	29295
8446	28260
1314	21128
8935	28749
8092	27906
1945	21759
9900	29714
7159	26973
9738	29552
6776	26590
10029	29843
7571	27385
5738	25552
5687	25501
6449	26263
1985	21799
8497	28311
9935	29749
1754	21568
8951	28765
8804	28618
919	20733
5754	25568
5095	24909
6557	26371
10358	30172
6368	26182
7803	27617
5690	25504
6793	26607
9122	28936
3137	22951
8182	27996
8946	28760
8870	28684
6634	26448
9293	29107
5418	25232
8558	28372
8386	28200
7691	27505
9265	29079
6589	26403
5903	25717
1039	20853
8659	28473
4958	24772
4683	24497
7609	27423
5479	25293
224	20038
3083	22897
7276	27090
6446	26260
3657	23471
818	20632
9105	28919
10119	29933
10046	29860
2776	22590
7004	26818
10461	30275
5602	25416
7099	26913
3621	23435
8369	28183
6936	26750
1926	21740
2840	22654
1438	21252
1668	21482
9377	29191
1721	21535
7090	26904
6794	26608
4863	24677
6852	26666
2531	22345
6829	26643
6096	25910
9015	28829
6330	26144
3019	22833
2842	22656
1807	21621
241	20055
5976	25790
454	20268
5996	25810
3816	23630
5082	24896
5811	25625
6561	26375
8915	28729
576	20390
6726	26540
10245	30059
6739	26553
9540	29354
10359	30173
626	20440
7196	27010
5546	25360
9434	29248
2757	22571
1351	21165
6536	26350
9391	29205
5506	25320
9619	29433
1137	20951
1694	21508
3420	23234
4962	24776
427	20241
6139	25953
5136	24950
2788	22602
9302	29116
6591	26405
3414	23228
7091	26905
9312	29126
6381	26195
2918	22732
8340	28154
2332	22146
8685	28499
5083	24897
649	20463
5590	25404
9008	28822
50	19864
4686	24500
