165	19553
4383	23771
3135	22523
8411	27799
5949	25337
10359	29747
8339	27727
1851	21239
2321	21709
7346	26734
7923	27311
4649	24037
3552	22940
1611	20999
4598	23986
5983	25371
6538	25926
7423	26811
7269	26657
4681	24069
8965	28353
4637	24025
1264	20652
2709	22097
7981	27369
6878	26266
3301	22689
2091	21479
1543	20931
2781	22169
5819	25207
1107	20495
8758	28146
8486	27874
4729	24117
9397	28785
3220	22608
2474	21862
3692	23080
1498	20886
9052	28440
3925	23313
2907	22295
9366	28754
6245	25633
5231	24619
10332	29720
4347	23735
4917	24305
5938	25326
7412	26800
3323	22711
4605	23993
4801	24189
659	20047
9629	29017
3880	23268
10421	29809
9820	29208
5034	24422
1874	21262
2731	22119
334	19722
9374	28762
7755	27143
5503	24891
404	19792
7082	26470
3665	23053
4818	24206
2675	22063
1522	20910
3713	23101
4012	23400
8320	27708
9483	28871
2938	22326
6441	25829
9660	29048
8361	27749
8964	28352
9252	28640
1530	20918
6886	26274
2031	21419
3514	22902
4130	23518
7768	27156
1492	20880
8178	27566
3796	23184
750	20138
8175	27563
10159	29547
4488	23876
2328	21716
107	19495
3504	22892
6901	26289
512	19900
3767	23155
9857	29245
131	19519
219	19607
7233	26621
9677	29065
1982	21370
3778	23166
8108	27496
5925	25313
9761	29149
196	19584
8726	28114
8024	27412
2305	21693
7294	26682
2732	22120
7449	26837
8577	27965
6912	26300
7084	26472
7183	26571
7998	27386
449	19837
8589	27977
8143	27531
9853	29241
6590	25978
1443	20831
8737	28125
3191	22579
10260	29648
4589	23977
1918	21306
2683	22071
224	19612
7076	26464
100	19488
3089	22477
1781	21169
10185	29573
644	20032
2792	22180
10098	29486
9633	29021
2813	22201
343	19731
5475	24863
9913	29301
4748	24136
1914	21302
1405	20793
4996	24384
4268	23656
2715	22103
3062	22450
3932	23320
2418	21806
9858	29246
1826	21214
6444	25832
8381	27769
5248	24636
7301	26689
1241	20629
8514	27902
6876	26264
3152	22540
2978	22366
1088	20476
2607	21995
9334	28722
4285	23673
2274	21662
7877	27265
7276	26664
9793	29181
7930	27318
5592	24980
5318	24706
5136	24524
4662	24050
8075	27463
6654	26042
1244	20632
1192	20580
8233	27621
1652	21040
9723	29111
8776	28164
9083	28471
4757	24145
1054	20442
9753	29141
4313	23701
7460	26848
3461	22849
2069	21457
1714	21102
8741	28129
415	19803
372	19760
1970	21358
9617	29005
4621	24009
3244	22632
6808	26196
8527	27915
2652	22040
5361	24749
5278	24666
3231	22619
2911	22299
7691	27079
5000	24388
791	20179
6102	25490
7554	26942
1382	20770
9451	28839
1799	21187
246	19634
4300	23688
2073	21461
2797	22185
4064	23452
8248	27636
5331	24719
1563	20951
4595	23983
3591	22979
1106	20494
5763	25151
6047	25435
10082	29470
8095	27483
6351	25739
9775	29163
8568	27956
5801	25189
4922	24310
952	20340
5799	25187
4425	23813
6200	25588
5485	24873
2307	21695
1831	21219
5215	24603
6038	25426
5311	24699
4491	23879
8666	28054
7547	26935
2094	21482
1050	20438
3899	23287
495	19883
4338	23726
1558	20946
5291	24679
3159	22547
10071	29459
819	20207
3490	22878
5856	25244
3236	22624
9159	28547
2504	21892
1698	21086
9736	29124
7523	26911
2231	21619
594	19982
1237	20625
6189	25577
6183	25571
6449	25837
857	20245
8788	28176
9074	28462
5093	24481
4587	23975
52	19440
5637	25025
5486	24874
6950	26338
8118	27506
5809	25197
6694	26082
4038	23426
6577	25965
6602	25990
2232	21620
3023	22411
1747	21135
909	20297
8338	27726
2362	21750
800	20188
12	19400
171	19559
8006	27394
6678	26066
3947	23335
2404	21792
7476	26864
5165	24553
6292	25680
3115	22503
8536	27924
6604	25992
10351	29739
97	19485
5645	25033
5175	24563
10446	29834
2875	22263
3083	22471
3198	22586
8064	27452
4138	23526
2110	21498
1015	20403
8948	28336
4440	23828
1690	21078
6561	25949
6478	25866
10489	29877
6086	25474
4142	23530
8983	28371
4965	24353
2914	22302
10062	29450
1022	20410
7914	27302
4718	24106
4509	23897
2168	21556
8332	27720
8676	28064
6975	26363
3542	22930
9137	28525
10077	29465
7238	26626
3335	22723
6921	26309
9570	28958
6248	25636
2026	21414
3678	23066
2144	21532
6089	25477
3857	23245
2929	22317
9954	29342
4217	23605
109	19497
2982	22370
569	19957
1990	21378
2780	22168
6767	26155
8646	28034
300	19688
7054	26442
6648	26036
8714	28102
6713	26101
5886	25274
4625	24013
5993	25381
2803	22191
1086	20474
2162	21550
7817	27205
1147	20535
9254	28642
7674	27062
5951	25339
321	19709
8520	27908
208	19596
9232	28620
10021	29409
4772	24160
2816	22204
9714	29102
7145	26533
817	20205
5897	25285
966	20354
10103	29491
5341	24729
5992	25380
1398	20786
2174	21562
724	20112
10153	29541
757	20145
6983	26371
1763	21151
6854	26242
7758	27146
8538	27926
5386	24774
3872	23260
1089	20477
2874	22262
920	20308
6393	25781
3871	23259
6366	25754
5039	24427
5118	24506
6265	25653
1142	20530
2240	21628
9382	28770
9087	28475
6695	26083
9477	28865
9317	28705
10039	29427
9588	28976
8110	27498
8724	28112
2393	21781
9843	29231
664	20052
2095	21483
1419	20807
10363	29751
8438	27826
4087	23475
7765	27153
4477	23865
8867	28255
7227	26615
10427	29815
7044	26432
394	19782
7655	27043
4706	24094
3741	23129
5094	24482
5835	25223
2316	21704
7966	27354
6107	25495
8597	27985
1002	20390
251	19639
6580	25968
7273	26661
7609	26997
5776	25164
751	20139
743	20131
7987	27375
6383	25771
4971	24359
10126	29514
1108	20496
3004	22392
4461	23849
6624	26012
6517	25905
1961	21349
6868	26256
5198	24586
8430	27818
8019	27407
9491	28879
3512	22900
8786	28174
1040	20428
4194	23582
3133	22521
2237	21625
8163	27551
9215	28603
1608	20996
5191	24579
6335	25723
1177	20565
1756	21144
7352	26740
1018	20406
4122	23510
7947	27335
5702	25090
3422	22810
4958	24346
5854	25242
5203	24591
628	20016
9749	29137
2660	22048
4907	24295
713	20101
2614	22002
7545	26933
7657	27045
7735	27123
5872	25260
6857	26245
4929	24317
9696	29084
2355	21743
591	19979
10181	29569
7123	26511
412	19800
8451	27839
9211	28599
5413	24801
4147	23535
5033	24421
4732	24120
4081	23469
6143	25531
9370	28758
7474	26862
8327	27715
8669	28057
6485	25873
7146	26534
10190	29578
2427	21815
9808	29196
10205	29593
1616	21004
2526	21914
1807	21195
6364	25752
9409	28797
5905	25293
9545	28933
6258	25646
1243	20631
9707	29095
3837	23225
4572	23960
2747	22135
6041	25429
2626	22014
8534	27922
2718	22106
2312	21700
9093	28481
2543	21931
4471	23859
1532	20920
8955	28343
2886	22274
2035	21423
945	20333
1167	20555
5103	24491
2733	22121
7141	26529
2590	21978
3104	22492
7164	26552
9799	29187
524	19912
5699	25087
1255	20643
5321	24709
3091	22479
5305	24693
10158	29546
8782	28170
2288	21676
1141	20529
929	20317
6442	25830
6837	26225
7529	26917
3943	23331
790	20178
6863	26251
3755	23143
2619	22007
1103	20491
5622	25010
3846	23234
577	19965
1309	20697
6570	25958
3918	23306
2804	22192
1764	21152
6620	26008
7868	27256
8170	27558
8136	27524
5115	24503
4335	23723
4631	24019
8994	28382
8933	28321
6514	25902
234	19622
1425	20813
2900	22288
1836	21224
8535	27923
3377	22765
10143	29531
6653	26041
697	20085
9388	28776
7092	26480
5432	24820
10379	29767
1133	20521
2373	21761
9123	28511
8953	28341
7392	26780
1036	20424
3106	22494
6684	26072
1195	20583
9069	28457
648	20036
654	20042
4947	24335
10431	29819
2855	22243
9276	28664
73	19461
2068	21456
799	20187
1400	20788
8734	28122
4531	23919
8254	27642
10191	29579
3581	22969
1230	20618
5333	24721
6651	26039
9343	28731
6875	26263
1095	20483
9991	29379
1168	20556
3354	22742
5722	25110
9029	28417
8622	28010
7963	27351
7926	27314
1144	20532
10136	29524
2172	21560
10180	29568
6230	25618
7891	27279
6633	26021
7822	27210
8221	27609
8918	28306
8490	27878
9764	29152
2645	22033
8652	28040
1418	20806
1735	21123
2367	21755
739	20127
3788	23176
8079	27467
6395	25783
5952	25340
5373	24761
9187	28575
3571	22959
5127	24515
1739	21127
4851	24239
8386	27774
3056	22444
1454	20842
8801	28189
8447	27835
2400	21788
9612	29000
8060	27448
3126	22514
6359	25747
2767	22155
587	19975
6661	26049
10163	29551
10370	29758
3626	23014
416	19804
7410	26798
5422	24810
6054	25442
4906	24294
9367	28755
4690	24078
2257	21645
7549	26937
4555	23943
8768	28156
7487	26875
3911	23299
4541	23929
3246	22634
2309	21697
8389	27777
4460	23848
8752	28140
1995	21383
5998	25386
5760	25148
2317	21705
8973	28361
3266	22654
3324	22712
8401	27789
9787	29175
7716	27104
3630	23018
3271	22659
4256	23644
6999	26387
2473	21861
1304	20692
4741	24129
113	19501
5789	25177
293	19681
2674	22062
6872	26260
4758	24146
9810	29198
6132	25520
6468	25856
7214	26602
9606	28994
6768	26156
4022	23410
5971	25359
6842	26230
8317	27705
6346	25734
7939	27327
3047	22435
183	19571
7618	27006
8872	28260
5858	25246
8156	27544
3768	23156
4198	23586
9361	28749
6148	25536
1744	21132
6744	26132
3584	22972
5969	25357
8585	27973
7366	26754
6090	25478
9280	28668
7698	27086
10374	29762
3914	23302
1267	20655
3621	23009
6956	26344
5144	24532
5726	25114
5745	25133
5496	24884
2378	21766
6779	26167
923	20311
9324	28712
755	20143
10454	29842
4293	23681
630	20018
5037	24425
9452	28840
898	20286
9520	28908
9812	29200
10495	29883
5109	24497
3761	23149
4763	24151
6625	26013
9114	28502
9118	28506
4840	24228
5578	24966
7709	27097
8282	27670
1148	20536
1605	20993
1064	20452
3726	23114
1156	20544
10382	29770
9632	29020
5423	24811
7184	26572
2609	21997
2243	21631
9935	29323
6001	25389
8154	27542
7189	26577
6430	25818
9641	29029
4392	23780
5148	24536
4353	23741
7007	26395
8203	27591
8189	27577
3125	22513
4603	23991
9792	29180
3295	22683
6936	26324
41	19429
3699	23087
3318	22706
5717	25105
9901	29289
5015	24403
8119	27507
3851	23239
2391	21779
7668	27056
3171	22559
5681	25069
2779	22167
3260	22648
9636	29024
10354	29742
8853	28241
8428	27816
3572	22960
5443	24831
2544	21932
6081	25469
8797	28185
175	19563
10406	29794
7252	26640
6545	25933
10142	29530
8627	28015
10413	29801
228	19616
10265	29653
10458	29846
3639	23027
2997	22385
3725	23113
4069	23457
3167	22555
2233	21621
8571	27959
72	19460
6075	25463
1180	20568
10197	29585
8836	28224
5065	24453
2925	22313
8543	27931
1431	20819
3921	23309
7106	26494
8971	28359
3057	22445
379	19767
1242	20630
3484	22872
6850	26238
10135	29523
10014	29402
8275	27663
3708	23096
8130	27518
121	19509
7636	27024
5453	24841
7876	27264
6460	25848
7305	26693
4950	24338
4955	24343
465	19853
10042	29430
4513	23901
8732	28120
5218	24606
6322	25710
7161	26549
7388	26776
2436	21824
8129	27517
1791	21179
3454	22842
8379	27767
600	19988
9956	29344
6815	26203
2432	21820
786	20174
9226	28614
5994	25382
6150	25538
2671	22059
1016	20404
10342	29730
5919	25307
889	20277
1709	21097
2405	21793
6215	25603
8802	28190
1511	20899
9095	28483
6308	25696
8777	28165
5452	24840
7289	26677
9140	28528
9172	28560
9909	29297
3497	22885
9917	29305
1390	20778
3151	22539
1562	20950
1685	21073
1371	20759
6456	25844
462	19850
5686	25074
3576	22964
8477	27865
2399	21787
6549	25937
5691	25079
5903	25291
450	19838
8655	28043
50	19438
9342	28730
8124	27512
4753	24141
5857	25245
4865	24253
1989	21377
10355	29743
9778	29166
2302	21690
9985	29373
7836	27224
5186	24574
2575	21963
2647	22035
4245	23633
3425	22813
3382	22770
6205	25593
6064	25452
7972	27360
10024	29412
5290	24678
847	20235
9327	28715
10100	29488
7013	26401
3443	22831
7880	27268
4294	23682
670	20058
3934	23322
9022	28410
6210	25598
9448	28836
9580	28968
