8070	23070
2060	17060
339	15339
8803	23803
4426	19426
2691	17691
9264	24264
7386	22386
2891	17891
10219	25219
10448	25448
950	15950
6982	21982
9567	24567
1385	16385
2335	17335
6512	21512
2192	17192
9903	24903
1380	16380
2124	17124
3283	18283
2644	17644
6298	21298
6250	21250
6389	21389
8379	23379
3421	18421
8239	23239
1685	16685
9009	24009
8771	23771
2931	17931
9493	24493
3503	18503
2243	17243
6995	21995
9552	24552
6929	21929
3288	18288
9507	24507
6233	21233
1557	16557
4754	19754
7232	22232
43	15043
8661	23661
24	15024
9613	24613
88	15088
2509	17509
9800	24800
10135	25135
4598	19598
9572	24572
10292	25292
10422	25422
5419	20419
7668	22668
10294	25294
3766	18766
5011	20011
4801	19801
5666	20666
3792	18792
5848	20848
480	15480
1547	16547
6280	21280
10164	25164
5300	20300
5372	20372
6643	21643
3770	18770
9736	24736
5389	20389
3521	18521
8389	23389
8963	23963
7105	22105
2819	17819
1853	16853
4698	19698
6051	21051
6940	21940
9214	24214
4015	19015
1765	16765
2373	17373
2829	17829
5148	20148
2974	17974
9200	24200
6417	21417
8484	23484
674	15674
6714	21714
6547	21547
9830	24830
659	15659
5940	20940
7051	22051
7812	22812
5361	20361
3734	18734
5273	20273
4428	19428
9508	24508
6440	21440
6082	21082
4387	19387
6928	21928
7930	22930
2701	17701
9228	24228
3238	18238
333	15333
1378	16378
9957	24957
2114	17114
10045	25045
7911	22911
6169	21169
620	15620
5210	20210
3457	18457
2666	17666
3371	18371
10035	25035
2689	17689
1990	16990
2112	17112
628	15628
1599	16599
10232	25232
908	15908
9865	24865
4056	19056
7137	22137
4330	19330
4645	19645
7422	22422
8349	23349
8159	23159
4128	19128
6239	21239
9415	24415
1249	16249
1626	16626
6397	21397
6607	21607
9079	24079
9482	24482
9036	24036
7157	22157
1181	16181
8333	23333
6932	21932
2901	17901
8656	23656
10159	25159
2413	17413
4913	19913
6516	21516
6156	21156
6492	21492
1780	16780
5431	20431
2414	17414
583	15583
8911	23911
8445	23445
5986	20986
10300	25300
5333	20333
10391	25391
1406	16406
9341	24341
6300	21300
4705	19705
10128	25128
732	15732
2962	17962
6938	21938
7485	22485
878	15878
4051	19051
2514	17514
7083	22083
6127	21127
4558	19558
2863	17863
9060	24060
3001	18001
7710	22710
8968	23968
5799	20799
5809	20809
7874	22874
6621	21621
4894	19894
160	15160
8032	23032
1576	16576
5788	20788
7899	22899
6217	21217
7378	22378
7135	22135
4601	19601
5591	20591
9650	24650
8752	23752
4259	19259
3176	18176
5576	20576
7618	22618
3194	18194
9862	24862
5238	20238
8446	23446
5390	20390
6865	21865
73	15073
2783	17783
9948	24948
2954	17954
5587	20587
6094	21094
10070	25070
6398	21398
1480	16480
5260	20260
6229	21229
5796	20796
6137	21137
2677	17677
5545	20545
1811	16811
5853	20853
8892	23892
1963	16963
6774	21774
4096	19096
7213	22213
4490	19490
535	15535
5668	20668
8297	23297
4916	19916
1469	16469
7832	22832
9116	24116
2659	17659
543	15543
2325	17325
10002	25002
1885	16885
1927	16927
1856	16856
5777	20777
489	15489
1835	16835
2620	17620
3920	18920
9436	24436
3476	18476
10176	25176
8861	23861
5317	20317
6379	21379
9302	24302
2920	17920
342	15342
5628	20628
199	15199
7453	22453
2648	17648
5295	20295
2582	17582
7595	22595
1734	16734
9476	24476
3336	18336
2684	17684
1155	16155
8103	23103
1054	16054
7823	22823
7272	22272
3494	18494
2527	17527
9271	24271
7555	22555
10061	25061
6032	21032
5805	20805
3319	18319
2045	17045
9516	24516
1186	16186
5932	20932
8668	23668
4708	19708
3523	18523
10332	25332
2851	17851
1996	16996
7229	22229
5527	20527
1168	16168
7387	22387
7928	22928
2779	17779
4047	19047
7803	22803
7193	22193
5800	20800
1772	16772
8745	23745
5803	20803
9154	24154
1443	16443
4961	19961
3677	18677
3406	18406
4915	19915
10047	25047
9068	24068
2750	17750
1402	16402
3960	18960
6893	21893
126	15126
1057	16057
6918	21918
1237	16237
9459	24459
2220	17220
7635	22635
912	15912
8969	23969
10130	25130
3228	18228
4503	19503
8913	23913
6930	21930
946	15946
6267	21267
3448	18448
3722	18722
6506	21506
4444	19444
2955	17955
10076	25076
569	15569
9774	24774
10338	25338
321	15321
9949	24949
5625	20625
937	15937
6540	21540
10349	25349
8629	23629
10322	25322
2163	17163
3808	18808
7731	22731
195	15195
8659	23659
661	15661
246	15246
2996	17996
7837	22837
2545	17545
1571	16571
8503	23503
1630	16630
9825	24825
10362	25362
9787	24787
3532	18532
4956	19956
687	15687
6872	21872
4578	19578
9113	24113
4874	19874
7312	22312
6650	21650
2085	17085
8772	23772
8381	23381
405	15405
3512	18512
7018	22018
2849	17849
8983	23983
2531	17531
5987	20987
7128	22128
10217	25217
7702	22702
2671	17671
1418	16418
9935	24935
8099	23099
4712	19712
8648	23648
10031	25031
6248	21248
8118	23118
1408	16408
2281	17281
6304	21304
10036	25036
6071	21071
3211	18211
8869	23869
7473	22473
4924	19924
8678	23678
9218	24218
9976	24976
5397	20397
2933	17933
6780	21780
7927	22927
6923	21923
9255	24255
4914	19914
10233	25233
7976	22976
7883	22883
5179	20179
3267	18267
3439	18439
5895	20895
1768	16768
7133	22133
7468	22468
9322	24322
3733	18733
10049	25049
9713	24713
6074	21074
2277	17277
6321	21321
6583	21583
8164	23164
3038	18038
9077	24077
9122	24122
603	15603
2125	17125
3169	18169
3789	18789
8246	23246
2098	17098
8085	23085
2050	17050
626	15626
2612	17612
6395	21395
6118	21118
6980	21980
6693	21693
2890	17890
3458	18458
8528	23528
3495	18495
6507	21507
8991	23991
10279	25279
8130	23130
2364	17364
6663	21663
6252	21252
1607	16607
656	15656
8815	23815
1731	16731
9382	24382
3217	18217
2212	17212
10265	25265
3235	18235
9488	24488
1961	16961
688	15688
8625	23625
2721	17721
5443	20443
2128	17128
3129	18129
10433	25433
8039	23039
1624	16624
10154	25154
4057	19057
10374	25374
914	15914
6614	21614
4807	19807
5973	20973
4719	19719
2144	17144
5907	20907
3917	18917
4530	19530
6628	21628
5091	20091
7915	22915
8033	23033
202	15202
9648	24648
7259	22259
4750	19750
2005	17005
8865	23865
3361	18361
10267	25267
2307	17307
54	15054
9317	24317
2017	17017
3612	18612
3747	18747
10409	25409
8089	23089
1667	16667
1499	16499
5517	20517
2661	17661
1393	16393
3011	18011
5725	20725
7491	22491
4407	19407
3835	18835
4635	19635
9370	24370
7329	22329
2712	17712
5481	20481
1339	16339
9708	24708
7186	22186
775	15775
3765	18765
1321	16321
6069	21069
3790	18790
4125	19125
6994	21994
5039	20039
8452	23452
368	15368
3780	18780
4511	19511
7403	22403
6456	21456
8020	23020
649	15649
4042	19042
6033	21033
3757	18757
1498	16498
2287	17287
3998	18998
7484	22484
2473	17473
301	15301
8787	23787
5606	20606
7149	22149
7951	22951
4344	19344
2969	17969
6811	21811
6602	21602
1500	16500
1151	16151
6196	21196
1085	16085
6660	21660
5405	20405
7097	22097
9861	24861
2841	17841
5144	20144
3103	18103
4253	19253
1089	16089
3897	18897
5874	20874
9147	24147
9593	24593
9092	24092
689	15689
3599	18599
7372	22372
5739	20739
8417	23417
7499	22499
8524	23524
5253	20253
9703	24703
3481	18481
9313	24313
7432	22432
6048	21048
2208	17208
6604	21604
254	15254
3763	18763
3819	18819
9046	24046
2791	17791
5484	20484
8274	23274
10102	25102
2707	17707
1978	16978
9299	24299
1064	16064
5424	20424
6477	21477
8674	23674
5104	20104
6534	21534
3397	18397
4139	19139
6214	21214
207	15207
4789	19789
5377	20377
7734	22734
3867	18867
4976	19976
898	15898
5388	20388
1211	16211
1746	16746
8340	23340
9840	24840
10324	25324
7868	22868
6141	21141
2278	17278
9090	24090
7260	22260
8608	23608
717	15717
5918	20918
4117	19117
1696	16696
9013	24013
4703	19703
6448	21448
7830	22830
385	15385
959	15959
7880	22880
2029	17029
6126	21126
564	15564
216	15216
4168	19168
52	15052
10038	25038
238	15238
428	15428
3695	18695
7884	22884
568	15568
6124	21124
1675	16675
4268	19268
2076	17076
8053	23053
4277	19277
1382	16382
6063	21063
9849	24849
1009	16009
9662	24662
8319	23319
3241	18241
7233	22233
1521	16521
6406	21406
10007	25007
2673	17673
3956	18956
61	15061
7806	22806
7412	22412
8698	23698
9410	24410
149	15149
6698	21698
4234	19234
6150	21150
9211	24211
7814	22814
2900	17900
8535	23535
7641	22641
4863	19863
9311	24311
6646	21646
2733	17733
4019	19019
9920	24920
5107	20107
9340	24340
1265	16265
7839	22839
6424	21424
8410	23410
18	15018
3915	18915
6257	21257
1578	16578
7548	22548
7659	22659
888	15888
4048	19048
8216	23216
7826	22826
4166	19166
5030	20030
2139	17139
9350	24350
6197	21197
1967	16967
4689	19689
6756	21756
10473	25473
2795	17795
9730	24730
9745	24745
5637	20637
9559	24559
3885	18885
7299	22299
5320	20320
1810	16810
6043	21043
10450	25450
1938	16938
9718	24718
9640	24640
2771	17771
7456	22456
10375	25375
10093	25093
6978	21978
10191	25191
9289	24289
3955	18955
8284	23284
8523	23523
470	15470
4911	19911
1792	16792
7500	22500
2756	17756
5120	20120
669	15669
7681	22681
9958	24958
1541	16541
5121	20121
193	15193
6702	21702
682	15682
10198	25198
4766	19766
2562	17562
5820	20820
2926	17926
4849	19849
2855	17855
8825	23825
1024	16024
2401	17401
9549	24549
5382	20382
3409	18409
7108	22108
5738	20738
3723	18723
2542	17542
3255	18255
6986	21986
3271	18271
7493	22493
6632	21632
8219	23219
6950	21950
6728	21728
5893	20893
4669	19669
2073	17073
1304	16304
7506	22506
8215	23215
10489	25489
757	15757
3869	18869
2579	17579
7515	22515
4727	19727
4687	19687
5540	20540
8354	23354
5338	20338
9359	24359
4112	19112
9401	24401
8414	23414
918	15918
4831	19831
8255	23255
255	15255
1968	16968
1982	16982
7682	22682
4951	19951
7800	22800
5159	20159
3772	18772
10025	25025
5691	20691
1431	16431
5622	20622
1510	16510
7182	22182
4313	19313
8240	23240
7816	22816
8962	23962
1898	16898
8703	23703
7988	22988
4100	19100
7183	22183
7362	22362
8462	23462
6240	21240
5358	20358
860	15860
4184	19184
3167	18167
7125	22125
1822	16822
5339	20339
2786	17786
7230	22230
7947	22947
10043	25043
1850	16850
2342	17342
3592	18592
8129	23129
1686	16686
8551	23551
8872	23872
8037	23037
4561	19561
8770	23770
2862	17862
1032	16032
1937	16937
7003	22003
2020	17020
3882	18882
8891	23891
9123	24123
8977	23977
7942	22942
4322	19322
6943	21943
9333	24333
4136	19136
1877	16877
6920	21920
5646	20646
3490	18490
5413	20413
7415	22415
10015	25015
3868	18868
6356	21356
10305	25305
1307	16307
983	15983
1255	16255
4349	19349
2533	17533
1240	16240
5167	20167
1672	16672
4368	19368
7938	22938
7990	22990
597	15597
4295	19295
2038	17038
4817	19817
853	15853
4931	19931
2544	17544
10156	25156
1545	16545
9177	24177
4897	19897
4547	19547
7887	22887
994	15994
6914	21914
8845	23845
4053	19053
5776	20776
3359	18359
6740	21740
7636	22636
861	15861
858	15858
1365	16365
8548	23548
7366	22366
7824	22824
2442	17442
4837	19837
9239	24239
1373	16373
5002	20002
7819	22819
4679	19679
135	15135
2623	17623
110	15110
7908	22908
4200	19200
4879	19879
7628	22628
7339	22339
5543	20543
1884	16884
7886	22886
3162	18162
4862	19862
281	15281
3616	18616
7770	22770
1614	16614
4185	19185
4365	19365
1886	16886
9755	24755
5232	20232
9461	24461
5418	20418
9320	24320
6882	21882
9952	24952
218	15218
4107	19107
8341	23341
2811	17811
8021	23021
9509	24509
3478	18478
217	15217
1534	16534
801	15801
1003	16003
4433	19433
4203	19203
8017	23017
550	15550
645	15645
7847	22847
7520	22520
5433	20433
3018	18018
427	15427
7146	22146
2	15002
6517	21517
9637	24637
8455	23455
3750	18750
2059	17059
4904	19904
1625	16625
