51	1.0	0.12609970674486803
4	0.9704049844236761	0.12227414330218069
33	0.33274021352313166	0.0809608540925267
46	0.9682539682539683	0.21428571428571427
139	1.0	0.14912280701754385
226	0.5576981940618304	0.15901438628711356
103	0.8198757763975155	0.5527950310559007
49	0.9152777777777777	0.3333333333333333
71	0.8928571428571429	0.6590909090909091
29	0.9587020648967551	0.08702064896755163
61	0.9367704280155642	0.29571984435797666
168	0.7005988023952096	0.10778443113772455
145	0.8879528222409435	0.2586352148272957
160	0.9005434782608696	0.22391304347826088
78	0.9367704280155642	0.29571984435797666
20	0.8219424460431655	0.10251798561151079
159	0.9481441048034934	0.22762008733624453
48	0.8418277680140598	0.2640597539543058
156	0.956386292834891	0.2087227414330218
131	0.391304347826087	0.5217391304347826
115	0.7284768211920529	0.152317880794702
36	1.0	0.16326530612244897
164	0.8695652173913043	0.6521739130434783
205	0.9597574421168688	0.11686879823594266
113	0.43568464730290457	0.5103734439834025
189	0.9903846153846154	0.4951923076923077
75	0.9663934426229508	0.06557377049180328
190	0.9502262443438914	0.42081447963800905
144	0.9666666666666667	0.325
41	0.8428874734607219	0.23354564755838642
125	0.9534883720930233	0.09634551495016612
151	0.9947575360419397	0.9986893840104849
128	1.0	0.08484848484848485
53	0.9041570438799076	0.08198614318706697
66	0.9565217391304348	0.5434782608695652
11	0.9565217391304348	0.6739130434782609
38	0.9753086419753086	0.9753086419753086
99	0.8970588235294118	0.47794117647058826
169	0.98	0.19636363636363635
77	0.7692307692307693	0.20512820512820512
106	0.8958333333333334	0.4236111111111111
0	1.0	0.03409090909090909
183	0.9375	0.6875
114	0.5336134453781513	0.06302521008403361
225	0.9973579920739762	0.9947159841479525
230	0.9826086956521739	0.24347826086956523
162	1.0	0.19230769230769232
74	1.0	1.0
126	1.0	0.7307692307692307
193	0.9666666666666667	0.12666666666666668
141	0.8903508771929824	0.03070175438596491
181	0.43568464730290457	0.5103734439834025
28	1.0	0.4
172	0.8461538461538461	0.46153846153846156
199	0.8333333333333334	0.16666666666666666
154	0.8953488372093024	0.5348837209302325
123	0.9375	0.53125
97	1.0	0.35294117647058826
81	0.7938931297709924	0.6259541984732825
137	1.0	1.0
14	1.0	0.5263157894736842
16	0.9196891191709845	0.12435233160621761
200	0.9705882352941176	0.7941176470588235
15	0.9622641509433962	0.24528301886792453
107	0.9130434782608695	0.30434782608695654
83	1.0	0.8333333333333334
119	0.6666666666666666	0.9166666666666666
8	0.8869047619047619	0.2619047619047619
170	0.8518518518518519	0.8888888888888888
60	1.0	0.2702702702702703
174	1.0	0.8571428571428571
195	0.6494252873563219	0.13218390804597702
30	1.0	0.7142857142857143
173	1.0	1.0
105	1.0	0.27586206896551724
108	0.9166666666666666	0.6666666666666666
96	0.8333333333333334	1.0
58	0.5211267605633803	0.4788732394366197
34	0.9512195121951219	0.9512195121951219
50	0.9	0.6
42	0.9444444444444444	0.1574074074074074
85	0.975	0.425
138	0.9615384615384616	0.3076923076923077
6	1.0	0.75
68	0.9523809523809523	0.9523809523809523
9	1.0	1.0
204	0.8095238095238095	0.6190476190476191
157	0.9795918367346939	0.42857142857142855
163	0.8	0.7
79	0.9516129032258065	0.8225806451612904
116	0.967741935483871	0.9032258064516129
240	1.0	0.5357142857142857
127	1.0	0.9230769230769231
31	0.5	1.0
23	0.9936708860759493	0.1962025316455696
98	0.9722222222222222	0.6111111111111112
1	0.9454545454545454	0.14545454545454545
54	0.9545454545454546	1.0
24	0.8571428571428571	0.8367346938775511
109	1.0	1.0
203	0.25	1.0
222	0.9557522123893806	0.46017699115044247
194	1.0	0.13333333333333333
140	0.5454545454545454	0.5
155	0.5384615384615384	0.7692307692307693
245	0.8695652173913043	0.6521739130434783
212	1.0	0.3333333333333333
202	1.0	0.2222222222222222
62	0.8928571428571429	0.6785714285714286
17	0.9642857142857143	0.14285714285714285
45	0.9591836734693877	0.3877551020408163
224	0.9	0.7
25	0.9230769230769231	0.8846153846153846
120	0.8461538461538461	0.7692307692307693
185	0.8888888888888888	1.0
218	1.0	1.0
213	1.0	0.9
147	1.0	0.6666666666666666
89	0.88	0.76
207	1.0	1.0
5	1.0	0.16666666666666666
104	1.0	0.2
223	0.8888888888888888	0.9444444444444444
215	0.9722222222222222	1.0
247	1.0	0.5555555555555556
188	1.0	0.4782608695652174
246	1.0	1.0
43	0.9090909090909091	0.8484848484848485
10	1.0	0.4117647058823529
80	1.0	0.7857142857142857
196	1.0	1.0
148	0.9130434782608695	0.4782608695652174
135	0.7333333333333333	0.5333333333333333
178	0.3684210526315789	0.7368421052631579
32	1.0	1.0
219	1.0	0.5714285714285714
231	1.0	1.0
182	0.3333333333333333	1.0
76	1.0	0.6666666666666666
192	0.4642857142857143	0.4642857142857143
55	1.0	0.5
236	0.88	0.44
234	1.0	0.14634146341463414
216	0.9	1.0
91	1.0	0.6666666666666666
122	0.8571428571428571	0.8571428571428571
187	0.625	0.875
47	0.5714285714285714	0.7142857142857143
67	1.0	1.0
19	1.0	1.0
70	1.0	1.0
130	1.0	1.0
239	1.0	1.0
69	1.0	0.6
124	1.0	0.2857142857142857
56	0.967741935483871	0.967741935483871
243	1.0	0.2
201	1.0	1.0
197	1.0	0.8
179	1.0	0.6666666666666666
84	1.0	0.7142857142857143
82	0.7916666666666666	1.0
177	1.0	0.625
100	1.0	1.0
176	1.0	0.5
133	1.0	1.0
37	1.0	0.5714285714285714
87	1.0	1.0
121	0.5	0.75
142	1.0	1.0
44	0.9259259259259259	0.2962962962962963
7	0.7857142857142857	0.21428571428571427
220	1.0	0.8
39	1.0	1.0
221	0.8333333333333334	0.8333333333333334
228	0.875	0.25
161	0.75	0.9166666666666666
110	1.0	1.0
35	1.0	0.3
232	1.0	1.0
112	1.0	1.0
117	1.0	0.5
150	1.0	0.25
235	1.0	0.5
242	1.0	1.0
208	1.0	0.6
18	1.0	1.0
241	1.0	0.5333333333333333
165	1.0	1.0
191	1.0	1.0
211	1.0	1.0
146	1.0	0.6
206	1.0	0.8571428571428571
166	1.0	0.5
21	1.0	1.0
132	1.0	1.0
134	1.0	1.0
64	1.0	1.0
244	1.0	1.0
52	1.0	1.0
233	1.0	1.0
153	1.0	1.0
217	1.0	1.0
93	1.0	1.0
22	1.0	1.0
111	0.8571428571428571	1.0
210	1.0	1.0
73	1.0	0.6666666666666666
158	1.0	1.0
136	1.0	1.0
214	1.0	1.0
209	1.0	1.0
184	1.0	0.8
229	1.0	1.0
13	1.0	1.0
171	1.0	1.0
129	1.0	1.0
238	1.0	1.0
152	1.0	1.0
94	1.0	1.0
3	1.0	1.0
65	1.0	1.0
86	1.0	1.0
59	1.0	1.0
227	1.0	1.0
102	1.0	1.0
101	1.0	1.0
92	1.0	1.0
186	1.0	1.0
63	1.0	1.0
167	1.0	1.0
27	1.0	1.0
180	1.0	1.0
118	1.0	1.0
2	1.0	1.0
149	1.0	1.0
72	1.0	1.0
88	1.0	1.0
90	1.0	1.0
237	1.0	1.0
143	1.0	1.0
26	1.0	1.0
198	1.0	1.0
40	1.0	1.0
175	1.0	1.0
12	1.0	1.0
57	1.0	1.0
95	1.0	1.0
414	0.4850343473994112	0.1424190382728165
330	0.946825827455236	0.23168746608790017
296	0.9642023346303502	0.12996108949416343
271	0.9875598086124402	0.049760765550239235
351	0.9991617770326907	0.29924559932942163
381	0.8301754385964912	0.26035087719298244
279	0.9929577464788732	0.11971830985915492
290	0.3468244084682441	0.08841843088418432
259	0.999353169469599	0.00646830530401035
377	0.9672131147540983	0.6885245901639344
275	1.0	0.9245283018867925
384	0.9032033426183844	0.02158774373259053
345	0.30498533724340177	0.3035190615835777
311	0.9981515711645101	0.12199630314232902
344	0.9167776298268975	0.27430093209054596
265	1.0	0.06140350877192982
409	0.9779411764705882	0.03125
250	0.9315068493150684	0.0867579908675799
410	1.0	0.3470483005366726
284	0.9915151515151515	0.12303030303030303
304	0.9411764705882353	0.15058823529411763
323	0.9312977099236641	0.16793893129770993
368	0.9976218787158145	1.0
293	0.964968152866242	0.5318471337579618
406	1.0	1.0
292	0.9571428571428572	0.08571428571428572
369	0.9901685393258427	0.09129213483146068
386	0.9363395225464191	0.014146772767462422
269	0.7954545454545454	0.10606060606060606
313	0.9191616766467066	0.1317365269461078
364	0.907928388746803	0.2551150895140665
248	0.8794326241134752	0.1773049645390071
333	0.3333333333333333	1.0
321	0.8832360300250208	0.1292743953294412
303	0.976897689768977	0.21782178217821782
267	1.0	0.99644128113879
287	0.8846153846153846	0.9615384615384616
356	1.0	0.1
334	1.0	0.0784313725490196
346	1.0	0.05042016806722689
317	0.907563025210084	0.42016806722689076
396	0.9318181818181818	0.9318181818181818
254	1.0	1.0
413	0.8901734104046243	0.057803468208092484
397	1.0	0.16666666666666666
402	0.9759036144578314	0.35542168674698793
352	0.9897959183673469	0.6122448979591837
416	1.0	0.13196480938416422
354	0.92	0.48
340	1.0	1.0
260	1.0	0.13333333333333333
411	0.9975247524752475	0.2202970297029703
294	0.9741379310344828	0.31896551724137934
403	0.8571428571428571	0.2857142857142857
362	0.9645390070921985	0.18439716312056736
295	0.9642857142857143	0.2857142857142857
358	1.0	0.5263157894736842
251	0.9285714285714286	0.9285714285714286
343	0.845679012345679	0.12962962962962962
336	0.9885714285714285	0.11428571428571428
392	1.0	0.28125
270	1.0	0.16666666666666666
301	0.5285714285714286	0.9857142857142858
249	1.0	0.9285714285714286
342	0.8983050847457628	0.2711864406779661
253	0.7757009345794392	0.7663551401869159
374	0.3770491803278688	0.7213114754098361
320	1.0	0.75
404	1.0	0.6666666666666666
278	1.0	0.8888888888888888
338	1.0	0.041666666666666664
306	0.9814814814814815	0.18518518518518517
375	0.7916666666666666	1.0
268	1.0	0.9655172413793104
394	0.9459459459459459	0.972972972972973
274	1.0	0.2916666666666667
252	0.9574468085106383	0.5319148936170213
382	1.0	0.6666666666666666
281	1.0	0.88
319	1.0	0.6
318	0.7414634146341463	0.06829268292682927
299	1.0	0.6
261	0.6666666666666666	0.6666666666666666
307	0.6666666666666666	1.0
361	1.0	1.0
378	0.9629629629629629	0.2222222222222222
390	1.0	0.7857142857142857
407	0.925	0.775
328	1.0	0.8571428571428571
363	1.0	0.375
327	1.0	0.058823529411764705
263	0.625	0.875
379	1.0	0.5357142857142857
288	1.0	0.8888888888888888
366	1.0	0.14285714285714285
341	1.0	0.3978494623655914
276	1.0	1.0
310	1.0	0.9166666666666666
385	1.0	0.5
357	1.0	0.2608695652173913
286	0.6666666666666666	1.0
322	1.0	1.0
391	1.0	1.0
308	0.4	1.0
262	1.0	0.4
337	1.0	1.0
285	0.9444444444444444	0.8333333333333334
291	1.0	1.0
412	1.0	1.0
280	1.0	0.6304347826086957
347	1.0	1.0
400	1.0	0.5
272	1.0	0.8
370	1.0	1.0
256	1.0	0.0625
387	1.0	0.25
312	0.9111111111111111	0.17777777777777778
300	0.8181818181818182	1.0
309	1.0	1.0
339	1.0	1.0
297	0.8461538461538461	0.7692307692307693
305	1.0	0.5
353	1.0	0.25
359	1.0	0.125
405	1.0	0.2222222222222222
372	1.0	1.0
302	1.0	0.16666666666666666
408	0.3333333333333333	1.0
266	1.0	1.0
257	1.0	0.2
331	1.0	1.0
399	0.6428571428571429	0.7142857142857143
355	1.0	1.0
393	1.0	1.0
326	1.0	0.8571428571428571
373	1.0	0.8571428571428571
332	1.0	1.0
335	1.0	0.8888888888888888
365	1.0	1.0
315	1.0	1.0
398	1.0	1.0
258	1.0	0.8
380	1.0	1.0
383	1.0	0.2
401	1.0	1.0
389	1.0	1.0
376	1.0	1.0
371	1.0	1.0
367	0.5	1.0
314	1.0	1.0
255	0.3333333333333333	1.0
350	1.0	0.3333333333333333
289	1.0	1.0
360	1.0	1.0
325	1.0	1.0
298	1.0	1.0
277	1.0	0.5
273	1.0	1.0
264	1.0	1.0
324	1.0	1.0
395	1.0	1.0
282	1.0	1.0
348	1.0	1.0
316	1.0	0.5
388	1.0	1.0
415	1.0	1.0
283	1.0	1.0
329	1.0	1.0
349	1.0	1.0
