12000	27749
12001	27748
12002	27747
12003	27746
12004	27745
12005	27744
12006	27743
12007	27742
12008	27741
12009	27740
12010	27739
12011	27738
12012	27737
12013	27736
12014	27735
12015	27734
12016	27733
12017	27732
12018	27731
12019	27730
12020	27729
12021	27728
12022	27727
12023	27726
12024	27725
12025	27724
12026	27723
12027	27722
12028	27721
12029	27720
12030	27719
12031	27718
12032	27717
12033	27716
12034	27715
12035	27714
12036	27713
12037	27712
12038	27711
12039	27710
12040	27709
12041	27708
12042	27707
12043	27706
12044	27705
12045	27704
12046	27703
12047	27702
12048	27701
12049	27700
12050	27699
12051	27698
12052	27697
12053	27696
12054	27695
12055	27694
12056	27693
12057	27692
12058	27691
12059	27690
12060	27689
12061	27688
12062	27687
12063	27686
12064	27685
12065	27684
12066	27683
12067	27682
12068	27681
12069	27680
12070	27679
12071	27678
12072	27677
12073	27676
12074	27675
12075	27674
12076	27673
12077	27672
12078	27671
12079	27670
12080	27669
12081	27668
12082	27667
12083	27666
12084	27665
12085	27664
12086	27663
12087	27662
12088	27661
12089	27660
12090	27659
12091	27658
12092	27657
12093	27656
12094	27655
12095	27654
12096	27653
12097	27652
12098	27651
12099	27650
12100	27649
12101	27648
12102	27647
12103	27646
12104	27645
12105	27644
12106	27643
12107	27642
12108	27641
12109	27640
12110	27639
12111	27638
12112	27637
12113	27636
12114	27635
12115	27634
12116	27633
12117	27632
12118	27631
12119	27630
12120	27629
12121	27628
12122	27627
12123	27626
12124	27625
12125	27624
12126	27623
12127	27622
12128	27621
12129	27620
12130	27619
12131	27618
12132	27617
12133	27616
12134	27615
12135	27614
12136	27613
12137	27612
12138	27611
12139	27610
12140	27609
12141	27608
12142	27607
12143	27606
12144	27605
12145	27604
12146	27603
12147	27602
12148	27601
12149	27600
12150	27599
12151	27598
12152	27597
12153	27596
12154	27595
12155	27594
12156	27593
12157	27592
12158	27591
12159	27590
12160	27589
12161	27588
12162	27587
12163	27586
12164	27585
12165	27584
12166	27583
12167	27582
12168	27581
12169	27580
12170	27579
12171	27578
12172	27577
12173	27576
12174	27575
12175	27574
12176	27573
12177	27572
12178	27571
12179	27570
12180	27569
12181	27568
12182	27567
12183	27566
12184	27565
12185	27564
12186	27563
12187	27562
12188	27561
12189	27560
12190	27559
12191	27558
12192	27557
12193	27556
12194	27555
12195	27554
12196	27553
12197	27552
12198	27551
12199	27550
12200	27549
12201	27548
12202	27547
12203	27546
12204	27545
12205	27544
12206	27543
12207	27542
12208	27541
12209	27540
12210	27539
12211	27538
12212	27537
12213	27536
12214	27535
12215	27534
12216	27533
12217	27532
12218	27531
12219	27530
12220	27529
12221	27528
12222	27527
12223	27526
12224	27525
12225	27524
12226	27523
12227	27522
12228	27521
12229	27520
12230	27519
12231	27518
12232	27517
12233	27516
12234	27515
12235	27514
12236	27513
12237	27512
12238	27511
12239	27510
12240	27509
12241	27508
12242	27507
12243	27506
12244	27505
12245	27504
12246	27503
12247	27502
12248	27501
12249	27500
12250	27499
12251	27498
12252	27497
12253	27496
12254	27495
12255	27494
12256	27493
12257	27492
12258	27491
12259	27490
12260	27489
12261	27488
12262	27487
12263	27486
12264	27485
12265	27484
12266	27483
12267	27482
12268	27481
12269	27480
12270	27479
12271	27478
12272	27477
12273	27476
12274	27475
12275	27474
12276	27473
12277	27472
12278	27471
12279	27470
12280	27469
12281	27468
12282	27467
12283	27466
12284	27465
12285	27464
12286	27463
12287	27462
12288	27461
12289	27460
12290	27459
12291	27458
12292	27457
12293	27456
12294	27455
12295	27454
12296	27453
12297	27452
12298	27451
12299	27450
12300	27449
12301	27448
12302	27447
12303	27446
12304	27445
12305	27444
12306	27443
12307	27442
12308	27441
12309	27440
12310	27439
12311	27438
12312	27437
12313	27436
12314	27435
12315	27434
12316	27433
12317	27432
12318	27431
12319	27430
12320	27429
12321	27428
12322	27427
12323	27426
12324	27425
12325	27424
12326	27423
12327	27422
12328	27421
12329	27420
12330	27419
12331	27418
12332	27417
12333	27416
12334	27415
12335	27414
12336	27413
12337	27412
12338	27411
12339	27410
12340	27409
12341	27408
12342	27407
12343	27406
12344	27405
12345	27404
12346	27403
12347	27402
12348	27401
12349	27400
12350	27399
12351	27398
12352	27397
12353	27396
12354	27395
12355	27394
12356	27393
12357	27392
12358	27391
12359	27390
12360	27389
12361	27388
12362	27387
12363	27386
12364	27385
12365	27384
12366	27383
12367	27382
12368	27381
12369	27380
12370	27379
12371	27378
12372	27377
12373	27376
12374	27375
12375	27374
12376	27373
12377	27372
12378	27371
12379	27370
12380	27369
12381	27368
12382	27367
12383	27366
12384	27365
12385	27364
12386	27363
12387	27362
12388	27361
12389	27360
12390	27359
12391	27358
12392	27357
12393	27356
12394	27355
12395	27354
12396	27353
12397	27352
12398	27351
12399	27350
12400	27349
12401	27348
12402	27347
12403	27346
12404	27345
12405	27344
12406	27343
12407	27342
12408	27341
12409	27340
12410	27339
12411	27338
12412	27337
12413	27336
12414	27335
12415	27334
12416	27333
12417	27332
12418	27331
12419	27330
12420	27329
12421	27328
12422	27327
12423	27326
12424	27325
12425	27324
12426	27323
12427	27322
12428	27321
12429	27320
12430	27319
12431	27318
12432	27317
12433	27316
12434	27315
12435	27314
12436	27313
12437	27312
12438	27311
12439	27310
12440	27309
12441	27308
12442	27307
12443	27306
12444	27305
12445	27304
12446	27303
12447	27302
12448	27301
12449	27300
12450	27299
12451	27298
12452	27297
12453	27296
12454	27295
12455	27294
12456	27293
12457	27292
12458	27291
12459	27290
12460	27289
12461	27288
12462	27287
12463	27286
12464	27285
12465	27284
12466	27283
12467	27282
12468	27281
12469	27280
12470	27279
12471	27278
12472	27277
12473	27276
12474	27275
12475	27274
12476	27273
12477	27272
12478	27271
12479	27270
12480	27269
12481	27268
12482	27267
12483	27266
12484	27265
12485	27264
12486	27263
12487	27262
12488	27261
12489	27260
12490	27259
12491	27258
12492	27257
12493	27256
12494	27255
12495	27254
12496	27253
12497	27252
12498	27251
12499	27250
12500	27249
12501	27248
12502	27247
12503	27246
12504	27245
12505	27244
12506	27243
12507	27242
12508	27241
12509	27240
12510	27239
12511	27238
12512	27237
12513	27236
12514	27235
12515	27234
12516	27233
12517	27232
12518	27231
12519	27230
12520	27229
12521	27228
12522	27227
12523	27226
12524	27225
12525	27224
12526	27223
12527	27222
12528	27221
12529	27220
12530	27219
12531	27218
12532	27217
12533	27216
12534	27215
12535	27214
12536	27213
12537	27212
12538	27211
12539	27210
12540	27209
12541	27208
12542	27207
12543	27206
12544	27205
12545	27204
12546	27203
12547	27202
12548	27201
12549	27200
12550	27199
12551	27198
12552	27197
12553	27196
12554	27195
12555	27194
12556	27193
12557	27192
12558	27191
12559	27190
12560	27189
12561	27188
12562	27187
12563	27186
12564	27185
12565	27184
12566	27183
12567	27182
12568	27181
12569	27180
12570	27179
12571	27178
12572	27177
12573	27176
12574	27175
12575	27174
12576	27173
12577	27172
12578	27171
12579	27170
12580	27169
12581	27168
12582	27167
12583	27166
12584	27165
12585	27164
12586	27163
12587	27162
12588	27161
12589	27160
12590	27159
12591	27158
12592	27157
12593	27156
12594	27155
12595	27154
12596	27153
12597	27152
12598	27151
12599	27150
12600	27149
12601	27148
12602	27147
12603	27146
12604	27145
12605	27144
12606	27143
12607	27142
12608	27141
12609	27140
12610	27139
12611	27138
12612	27137
12613	27136
12614	27135
12615	27134
12616	27133
12617	27132
12618	27131
12619	27130
12620	27129
12621	27128
12622	27127
12623	27126
12624	27125
12625	27124
12626	27123
12627	27122
12628	27121
12629	27120
12630	27119
12631	27118
12632	27117
12633	27116
12634	27115
12635	27114
12636	27113
12637	27112
12638	27111
12639	27110
12640	27109
12641	27108
12642	27107
12643	27106
12644	27105
12645	27104
12646	27103
12647	27102
12648	27101
12649	27100
12650	27099
12651	27098
12652	27097
12653	27096
12654	27095
12655	27094
12656	27093
12657	27092
12658	27091
12659	27090
12660	27089
12661	27088
12662	27087
12663	27086
12664	27085
12665	27084
12666	27083
12667	27082
12668	27081
12669	27080
12670	27079
12671	27078
12672	27077
12673	27076
12674	27075
12675	27074
12676	27073
12677	27072
12678	27071
12679	27070
12680	27069
12681	27068
12682	27067
12683	27066
12684	27065
12685	27064
12686	27063
12687	27062
12688	27061
12689	27060
12690	27059
12691	27058
12692	27057
12693	27056
12694	27055
12695	27054
12696	27053
12697	27052
12698	27051
12699	27050
12700	27049
12701	27048
12702	27047
12703	27046
12704	27045
12705	27044
12706	27043
12707	27042
12708	27041
12709	27040
12710	27039
12711	27038
12712	27037
12713	27036
12714	27035
12715	27034
12716	27033
12717	27032
12718	27031
12719	27030
12720	27029
12721	27028
12722	27027
12723	27026
12724	27025
12725	27024
12726	27023
12727	27022
12728	27021
12729	27020
12730	27019
12731	27018
12732	27017
12733	27016
12734	27015
12735	27014
12736	27013
12737	27012
12738	27011
12739	27010
12740	27009
12741	27008
12742	27007
12743	27006
12744	27005
12745	27004
12746	27003
12747	27002
12748	27001
12749	27000
12750	27750
12751	27751
12752	27752
12753	27753
12754	27754
12755	27755
12756	27756
12757	27757
12758	27758
12759	27759
12760	27760
12761	27761
12762	27762
12763	27763
12764	27764
12765	27765
12766	27766
12767	27767
12768	27768
12769	27769
12770	27770
12771	27771
12772	27772
12773	27773
12774	27774
12775	27775
12776	27776
12777	27777
12778	27778
12779	27779
12780	27780
12781	27781
12782	27782
12783	27783
12784	27784
12785	27785
12786	27786
12787	27787
12788	27788
12789	27789
12790	27790
12791	27791
12792	27792
12793	27793
12794	27794
12795	27795
12796	27796
12797	27797
12798	27798
12799	27799
12800	27800
12801	27801
12802	27802
12803	27803
12804	27804
12805	27805
12806	27806
12807	27807
12808	27808
12809	27809
12810	27810
12811	27811
12812	27812
12813	27813
12814	27814
12815	27815
12816	27816
12817	27817
12818	27818
12819	27819
12820	27820
12821	27821
12822	27822
12823	27823
12824	27824
12825	27825
12826	27826
12827	27827
12828	27828
12829	27829
12830	27830
12831	27831
12832	27832
12833	27833
12834	27834
12835	27835
12836	27836
12837	27837
12838	27838
12839	27839
12840	27840
12841	27841
12842	27842
12843	27843
12844	27844
12845	27845
12846	27846
12847	27847
12848	27848
12849	27849
12850	27850
12851	27851
12852	27852
12853	27853
12854	27854
12855	27855
12856	27856
12857	27857
12858	27858
12859	27859
12860	27860
12861	27861
12862	27862
12863	27863
12864	27864
12865	27865
12866	27866
12867	27867
12868	27868
12869	27869
12870	27870
12871	27871
12872	27872
12873	27873
12874	27874
12875	27875
12876	27876
12877	27877
12878	27878
12879	27879
12880	27880
12881	27881
12882	27882
12883	27883
12884	27884
12885	27885
12886	27886
12887	27887
12888	27888
12889	27889
12890	27890
12891	27891
12892	27892
12893	27893
12894	27894
12895	27895
12896	27896
12897	27897
12898	27898
12899	27899
12900	27900
12901	27901
12902	27902
12903	27903
12904	27904
12905	27905
12906	27906
12907	27907
12908	27908
12909	27909
12910	27910
12911	27911
12912	27912
12913	27913
12914	27914
12915	27915
12916	27916
12917	27917
12918	27918
12919	27919
12920	27920
12921	27921
12922	27922
12923	27923
12924	27924
12925	27925
12926	27926
12927	27927
12928	27928
12929	27929
12930	27930
12931	27931
12932	27932
12933	27933
12934	27934
12935	27935
12936	27936
12937	27937
12938	27938
12939	27939
12940	27940
12941	27941
12942	27942
12943	27943
12944	27944
12945	27945
12946	27946
12947	27947
12948	27948
12949	27949
12950	27950
12951	27951
12952	27952
12953	27953
12954	27954
12955	27955
12956	27956
12957	27957
12958	27958
12959	27959
12960	27960
12961	27961
12962	27962
12963	27963
12964	27964
12965	27965
12966	27966
12967	27967
12968	27968
12969	27969
12970	27970
12971	27971
12972	27972
12973	27973
12974	27974
12975	27975
12976	27976
12977	27977
12978	27978
12979	27979
12980	27980
12981	27981
12982	27982
12983	27983
12984	27984
12985	27985
12986	27986
12987	27987
12988	27988
12989	27989
12990	27990
12991	27991
12992	27992
12993	27993
12994	27994
12995	27995
12996	27996
12997	27997
12998	27998
12999	27999
13000	28000
13001	28001
13002	28002
13003	28003
13004	28004
13005	28005
13006	28006
13007	28007
13008	28008
13009	28009
13010	28010
13011	28011
13012	28012
13013	28013
13014	28014
13015	28015
13016	28016
13017	28017
13018	28018
13019	28019
13020	28020
13021	28021
13022	28022
13023	28023
13024	28024
13025	28025
13026	28026
13027	28027
13028	28028
13029	28029
13030	28030
13031	28031
13032	28032
13033	28033
13034	28034
13035	28035
13036	28036
13037	28037
13038	28038
13039	28039
13040	28040
13041	28041
13042	28042
13043	28043
13044	28044
13045	28045
13046	28046
13047	28047
13048	28048
13049	28049
13050	28050
13051	28051
13052	28052
13053	28053
13054	28054
13055	28055
13056	28056
13057	28057
13058	28058
13059	28059
13060	28060
13061	28061
13062	28062
13063	28063
13064	28064
13065	28065
13066	28066
13067	28067
13068	28068
13069	28069
13070	28070
13071	28071
13072	28072
13073	28073
13074	28074
13075	28075
13076	28076
13077	28077
13078	28078
13079	28079
13080	28080
13081	28081
13082	28082
13083	28083
13084	28084
13085	28085
13086	28086
13087	28087
13088	28088
13089	28089
13090	28090
13091	28091
13092	28092
13093	28093
13094	28094
13095	28095
13096	28096
13097	28097
13098	28098
13099	28099
13100	28100
13101	28101
13102	28102
13103	28103
13104	28104
13105	28105
13106	28106
13107	28107
13108	28108
13109	28109
13110	28110
13111	28111
13112	28112
13113	28113
13114	28114
13115	28115
13116	28116
13117	28117
13118	28118
13119	28119
13120	28120
13121	28121
13122	28122
13123	28123
13124	28124
13125	28125
13126	28126
13127	28127
13128	28128
13129	28129
13130	28130
13131	28131
13132	28132
13133	28133
13134	28134
13135	28135
13136	28136
13137	28137
13138	28138
13139	28139
13140	28140
13141	28141
13142	28142
13143	28143
13144	28144
13145	28145
13146	28146
13147	28147
13148	28148
13149	28149
13150	28150
13151	28151
13152	28152
13153	28153
13154	28154
13155	28155
13156	28156
13157	28157
13158	28158
13159	28159
13160	28160
13161	28161
13162	28162
13163	28163
13164	28164
13165	28165
13166	28166
13167	28167
13168	28168
13169	28169
13170	28170
13171	28171
13172	28172
13173	28173
13174	28174
13175	28175
13176	28176
13177	28177
13178	28178
13179	28179
13180	28180
13181	28181
13182	28182
13183	28183
13184	28184
13185	28185
13186	28186
13187	28187
13188	28188
13189	28189
13190	28190
13191	28191
13192	28192
13193	28193
13194	28194
13195	28195
13196	28196
13197	28197
13198	28198
13199	28199
13200	28200
13201	28201
13202	28202
13203	28203
13204	28204
13205	28205
13206	28206
13207	28207
13208	28208
13209	28209
13210	28210
13211	28211
13212	28212
13213	28213
13214	28214
13215	28215
13216	28216
13217	28217
13218	28218
13219	28219
13220	28220
13221	28221
13222	28222
13223	28223
13224	28224
13225	28225
13226	28226
13227	28227
13228	28228
13229	28229
13230	28230
13231	28231
13232	28232
13233	28233
13234	28234
13235	28235
13236	28236
13237	28237
13238	28238
13239	28239
13240	28240
13241	28241
13242	28242
13243	28243
13244	28244
13245	28245
13246	28246
13247	28247
13248	28248
13249	28249
13250	28250
13251	28251
13252	28252
13253	28253
13254	28254
13255	28255
13256	28256
13257	28257
13258	28258
13259	28259
13260	28260
13261	28261
13262	28262
13263	28263
13264	28264
13265	28265
13266	28266
13267	28267
13268	28268
13269	28269
13270	28270
13271	28271
13272	28272
13273	28273
13274	28274
13275	28275
13276	28276
13277	28277
13278	28278
13279	28279
13280	28280
13281	28281
13282	28282
13283	28283
13284	28284
13285	28285
13286	28286
13287	28287
13288	28288
13289	28289
13290	28290
13291	28291
13292	28292
13293	28293
13294	28294
13295	28295
13296	28296
13297	28297
13298	28298
13299	28299
13300	28300
13301	28301
13302	28302
13303	28303
13304	28304
13305	28305
13306	28306
13307	28307
13308	28308
13309	28309
13310	28310
13311	28311
13312	28312
13313	28313
13314	28314
13315	28315
13316	28316
13317	28317
13318	28318
13319	28319
13320	28320
13321	28321
13322	28322
13323	28323
13324	28324
13325	28325
13326	28326
13327	28327
13328	28328
13329	28329
13330	28330
13331	28331
13332	28332
13333	28333
13334	28334
13335	28335
13336	28336
13337	28337
13338	28338
13339	28339
13340	28340
13341	28341
13342	28342
13343	28343
13344	28344
13345	28345
13346	28346
13347	28347
13348	28348
13349	28349
13350	28350
13351	28351
13352	28352
13353	28353
13354	28354
13355	28355
13356	28356
13357	28357
13358	28358
13359	28359
13360	28360
13361	28361
13362	28362
13363	28363
13364	28364
13365	28365
13366	28366
13367	28367
13368	28368
13369	28369
13370	28370
13371	28371
13372	28372
13373	28373
13374	28374
13375	28375
13376	28376
13377	28377
13378	28378
13379	28379
13380	28380
13381	28381
13382	28382
13383	28383
13384	28384
13385	28385
13386	28386
13387	28387
13388	28388
13389	28389
13390	28390
13391	28391
13392	28392
13393	28393
13394	28394
13395	28395
13396	28396
13397	28397
13398	28398
13399	28399
13400	28400
13401	28401
13402	28402
13403	28403
13404	28404
13405	28405
13406	28406
13407	28407
13408	28408
13409	28409
13410	28410
13411	28411
13412	28412
13413	28413
13414	28414
13415	28415
13416	28416
13417	28417
13418	28418
13419	28419
13420	28420
13421	28421
13422	28422
13423	28423
13424	28424
13425	28425
13426	28426
13427	28427
13428	28428
13429	28429
13430	28430
13431	28431
13432	28432
13433	28433
13434	28434
13435	28435
13436	28436
13437	28437
13438	28438
13439	28439
13440	28440
13441	28441
13442	28442
13443	28443
13444	28444
13445	28445
13446	28446
13447	28447
13448	28448
13449	28449
13450	28450
13451	28451
13452	28452
13453	28453
13454	28454
13455	28455
13456	28456
13457	28457
13458	28458
13459	28459
13460	28460
13461	28461
13462	28462
13463	28463
13464	28464
13465	28465
13466	28466
13467	28467
13468	28468
13469	28469
13470	28470
13471	28471
13472	28472
13473	28473
13474	28474
13475	28475
13476	28476
13477	28477
13478	28478
13479	28479
13480	28480
13481	28481
13482	28482
13483	28483
13484	28484
13485	28485
13486	28486
13487	28487
13488	28488
13489	28489
13490	28490
13491	28491
13492	28492
13493	28493
13494	28494
13495	28495
13496	28496
13497	28497
13498	28498
13499	28499
13500	28500
13501	28501
13502	28502
13503	28503
13504	28504
13505	28505
13506	28506
13507	28507
13508	28508
13509	28509
13510	28510
13511	28511
13512	28512
13513	28513
13514	28514
13515	28515
13516	28516
13517	28517
13518	28518
13519	28519
13520	28520
13521	28521
13522	28522
13523	28523
13524	28524
13525	28525
13526	28526
13527	28527
13528	28528
13529	28529
13530	28530
13531	28531
13532	28532
13533	28533
13534	28534
13535	28535
13536	28536
13537	28537
13538	28538
13539	28539
13540	28540
13541	28541
13542	28542
13543	28543
13544	28544
13545	28545
13546	28546
13547	28547
13548	28548
13549	28549
13550	28550
13551	28551
13552	28552
13553	28553
13554	28554
13555	28555
13556	28556
13557	28557
13558	28558
13559	28559
13560	28560
13561	28561
13562	28562
13563	28563
13564	28564
13565	28565
13566	28566
13567	28567
13568	28568
13569	28569
13570	28570
13571	28571
13572	28572
13573	28573
13574	28574
13575	28575
13576	28576
13577	28577
13578	28578
13579	28579
13580	28580
13581	28581
13582	28582
13583	28583
13584	28584
13585	28585
13586	28586
13587	28587
13588	28588
13589	28589
13590	28590
13591	28591
13592	28592
13593	28593
13594	28594
13595	28595
13596	28596
13597	28597
13598	28598
13599	28599
13600	28600
13601	28601
13602	28602
13603	28603
13604	28604
13605	28605
13606	28606
13607	28607
13608	28608
13609	28609
13610	28610
13611	28611
13612	28612
13613	28613
13614	28614
13615	28615
13616	28616
13617	28617
13618	28618
13619	28619
13620	28620
13621	28621
13622	28622
13623	28623
13624	28624
13625	28625
13626	28626
13627	28627
13628	28628
13629	28629
13630	28630
13631	28631
13632	28632
13633	28633
13634	28634
13635	28635
13636	28636
13637	28637
13638	28638
13639	28639
13640	28640
13641	28641
13642	28642
13643	28643
13644	28644
13645	28645
13646	28646
13647	28647
13648	28648
13649	28649
13650	28650
13651	28651
13652	28652
13653	28653
13654	28654
13655	28655
13656	28656
13657	28657
13658	28658
13659	28659
13660	28660
13661	28661
13662	28662
13663	28663
13664	28664
13665	28665
13666	28666
13667	28667
13668	28668
13669	28669
13670	28670
13671	28671
13672	28672
13673	28673
13674	28674
13675	28675
13676	28676
13677	28677
13678	28678
13679	28679
13680	28680
13681	28681
13682	28682
13683	28683
13684	28684
13685	28685
13686	28686
13687	28687
13688	28688
13689	28689
13690	28690
13691	28691
13692	28692
13693	28693
13694	28694
13695	28695
13696	28696
13697	28697
13698	28698
13699	28699
13700	28700
13701	28701
13702	28702
13703	28703
13704	28704
13705	28705
13706	28706
13707	28707
13708	28708
13709	28709
13710	28710
13711	28711
13712	28712
13713	28713
13714	28714
13715	28715
13716	28716
13717	28717
13718	28718
13719	28719
13720	28720
13721	28721
13722	28722
13723	28723
13724	28724
13725	28725
13726	28726
13727	28727
13728	28728
13729	28729
13730	28730
13731	28731
13732	28732
13733	28733
13734	28734
13735	28735
13736	28736
13737	28737
13738	28738
13739	28739
13740	28740
13741	28741
13742	28742
13743	28743
13744	28744
13745	28745
13746	28746
13747	28747
13748	28748
13749	28749
13750	28750
13751	28751
13752	28752
13753	28753
13754	28754
13755	28755
13756	28756
13757	28757
13758	28758
13759	28759
13760	28760
13761	28761
13762	28762
13763	28763
13764	28764
13765	28765
13766	28766
13767	28767
13768	28768
13769	28769
13770	28770
13771	28771
13772	28772
13773	28773
13774	28774
13775	28775
13776	28776
13777	28777
13778	28778
13779	28779
13780	28780
13781	28781
13782	28782
13783	28783
13784	28784
13785	28785
13786	28786
13787	28787
13788	28788
13789	28789
13790	28790
13791	28791
13792	28792
13793	28793
13794	28794
13795	28795
13796	28796
13797	28797
13798	28798
13799	28799
13800	28800
13801	28801
13802	28802
13803	28803
13804	28804
13805	28805
13806	28806
13807	28807
13808	28808
13809	28809
13810	28810
13811	28811
13812	28812
13813	28813
13814	28814
13815	28815
13816	28816
13817	28817
13818	28818
13819	28819
13820	28820
13821	28821
13822	28822
13823	28823
13824	28824
13825	28825
13826	28826
13827	28827
13828	28828
13829	28829
13830	28830
13831	28831
13832	28832
13833	28833
13834	28834
13835	28835
13836	28836
13837	28837
13838	28838
13839	28839
13840	28840
13841	28841
13842	28842
13843	28843
13844	28844
13845	28845
13846	28846
13847	28847
13848	28848
13849	28849
13850	28850
13851	28851
13852	28852
13853	28853
13854	28854
13855	28855
13856	28856
13857	28857
13858	28858
13859	28859
13860	28860
13861	28861
13862	28862
13863	28863
13864	28864
13865	28865
13866	28866
13867	28867
13868	28868
13869	28869
13870	28870
13871	28871
13872	28872
13873	28873
13874	28874
13875	28875
13876	28876
13877	28877
13878	28878
13879	28879
13880	28880
13881	28881
13882	28882
13883	28883
13884	28884
13885	28885
13886	28886
13887	28887
13888	28888
13889	28889
13890	28890
13891	28891
13892	28892
13893	28893
13894	28894
13895	28895
13896	28896
13897	28897
13898	28898
13899	28899
13900	28900
13901	28901
13902	28902
13903	28903
13904	28904
13905	28905
13906	28906
13907	28907
13908	28908
13909	28909
13910	28910
13911	28911
13912	28912
13913	28913
13914	28914
13915	28915
13916	28916
13917	28917
13918	28918
13919	28919
13920	28920
13921	28921
13922	28922
13923	28923
13924	28924
13925	28925
13926	28926
13927	28927
13928	28928
13929	28929
13930	28930
13931	28931
13932	28932
13933	28933
13934	28934
13935	28935
13936	28936
13937	28937
13938	28938
13939	28939
13940	28940
13941	28941
13942	28942
13943	28943
13944	28944
13945	28945
13946	28946
13947	28947
13948	28948
13949	28949
13950	28950
13951	28951
13952	28952
13953	28953
13954	28954
13955	28955
13956	28956
13957	28957
13958	28958
13959	28959
13960	28960
13961	28961
13962	28962
13963	28963
13964	28964
13965	28965
13966	28966
13967	28967
13968	28968
13969	28969
13970	28970
13971	28971
13972	28972
13973	28973
13974	28974
13975	28975
13976	28976
13977	28977
13978	28978
13979	28979
13980	28980
13981	28981
13982	28982
13983	28983
13984	28984
13985	28985
13986	28986
13987	28987
13988	28988
13989	28989
13990	28990
13991	28991
13992	28992
13993	28993
13994	28994
13995	28995
13996	28996
13997	28997
13998	28998
13999	28999
14000	29000
14001	29001
14002	29002
14003	29003
14004	29004
14005	29005
14006	29006
14007	29007
14008	29008
14009	29009
14010	29010
14011	29011
14012	29012
14013	29013
14014	29014
14015	29015
14016	29016
14017	29017
14018	29018
14019	29019
14020	29020
14021	29021
14022	29022
14023	29023
14024	29024
14025	29025
14026	29026
14027	29027
14028	29028
14029	29029
14030	29030
14031	29031
14032	29032
14033	29033
14034	29034
14035	29035
14036	29036
14037	29037
14038	29038
14039	29039
14040	29040
14041	29041
14042	29042
14043	29043
14044	29044
14045	29045
14046	29046
14047	29047
14048	29048
14049	29049
14050	29050
14051	29051
14052	29052
14053	29053
14054	29054
14055	29055
14056	29056
14057	29057
14058	29058
14059	29059
14060	29060
14061	29061
14062	29062
14063	29063
14064	29064
14065	29065
14066	29066
14067	29067
14068	29068
14069	29069
14070	29070
14071	29071
14072	29072
14073	29073
14074	29074
14075	29075
14076	29076
14077	29077
14078	29078
14079	29079
14080	29080
14081	29081
14082	29082
14083	29083
14084	29084
14085	29085
14086	29086
14087	29087
14088	29088
14089	29089
14090	29090
14091	29091
14092	29092
14093	29093
14094	29094
14095	29095
14096	29096
14097	29097
14098	29098
14099	29099
14100	29100
14101	29101
14102	29102
14103	29103
14104	29104
14105	29105
14106	29106
14107	29107
14108	29108
14109	29109
14110	29110
14111	29111
14112	29112
14113	29113
14114	29114
14115	29115
14116	29116
14117	29117
14118	29118
14119	29119
14120	29120
14121	29121
14122	29122
14123	29123
14124	29124
14125	29125
14126	29126
14127	29127
14128	29128
14129	29129
14130	29130
14131	29131
14132	29132
14133	29133
14134	29134
14135	29135
14136	29136
14137	29137
14138	29138
14139	29139
14140	29140
14141	29141
14142	29142
14143	29143
14144	29144
14145	29145
14146	29146
14147	29147
14148	29148
14149	29149
14150	29150
14151	29151
14152	29152
14153	29153
14154	29154
14155	29155
14156	29156
14157	29157
14158	29158
14159	29159
14160	29160
14161	29161
14162	29162
14163	29163
14164	29164
14165	29165
14166	29166
14167	29167
14168	29168
14169	29169
14170	29170
14171	29171
14172	29172
14173	29173
14174	29174
14175	29175
14176	29176
14177	29177
14178	29178
14179	29179
14180	29180
14181	29181
14182	29182
14183	29183
14184	29184
14185	29185
14186	29186
14187	29187
14188	29188
14189	29189
14190	29190
14191	29191
14192	29192
14193	29193
14194	29194
14195	29195
14196	29196
14197	29197
14198	29198
14199	29199
14200	29200
14201	29201
14202	29202
14203	29203
14204	29204
14205	29205
14206	29206
14207	29207
14208	29208
14209	29209
14210	29210
14211	29211
14212	29212
14213	29213
14214	29214
14215	29215
14216	29216
14217	29217
14218	29218
14219	29219
14220	29220
14221	29221
14222	29222
14223	29223
14224	29224
14225	29225
14226	29226
14227	29227
14228	29228
14229	29229
14230	29230
14231	29231
14232	29232
14233	29233
14234	29234
14235	29235
14236	29236
14237	29237
14238	29238
14239	29239
14240	29240
14241	29241
14242	29242
14243	29243
14244	29244
14245	29245
14246	29246
14247	29247
14248	29248
14249	29249
14250	29250
14251	29251
14252	29252
14253	29253
14254	29254
14255	29255
14256	29256
14257	29257
14258	29258
14259	29259
14260	29260
14261	29261
14262	29262
14263	29263
14264	29264
14265	29265
14266	29266
14267	29267
14268	29268
14269	29269
14270	29270
14271	29271
14272	29272
14273	29273
14274	29274
14275	29275
14276	29276
14277	29277
14278	29278
14279	29279
14280	29280
14281	29281
14282	29282
14283	29283
14284	29284
14285	29285
14286	29286
14287	29287
14288	29288
14289	29289
14290	29290
14291	29291
14292	29292
14293	29293
14294	29294
14295	29295
14296	29296
14297	29297
14298	29298
14299	29299
14300	29300
14301	29301
14302	29302
14303	29303
14304	29304
14305	29305
14306	29306
14307	29307
14308	29308
14309	29309
14310	29310
14311	29311
14312	29312
14313	29313
14314	29314
14315	29315
14316	29316
14317	29317
14318	29318
14319	29319
14320	29320
14321	29321
14322	29322
14323	29323
14324	29324
14325	29325
14326	29326
14327	29327
14328	29328
14329	29329
14330	29330
14331	29331
14332	29332
14333	29333
14334	29334
14335	29335
14336	29336
14337	29337
14338	29338
14339	29339
14340	29340
14341	29341
14342	29342
14343	29343
14344	29344
14345	29345
14346	29346
14347	29347
14348	29348
14349	29349
14350	29350
14351	29351
14352	29352
14353	29353
14354	29354
14355	29355
14356	29356
14357	29357
14358	29358
14359	29359
14360	29360
14361	29361
14362	29362
14363	29363
14364	29364
14365	29365
14366	29366
14367	29367
14368	29368
14369	29369
14370	29370
14371	29371
14372	29372
14373	29373
14374	29374
14375	29375
14376	29376
14377	29377
14378	29378
14379	29379
14380	29380
14381	29381
14382	29382
14383	29383
14384	29384
14385	29385
14386	29386
14387	29387
14388	29388
14389	29389
14390	29390
14391	29391
14392	29392
14393	29393
14394	29394
14395	29395
14396	29396
14397	29397
14398	29398
14399	29399
14400	29400
14401	29401
14402	29402
14403	29403
14404	29404
14405	29405
14406	29406
14407	29407
14408	29408
14409	29409
14410	29410
14411	29411
14412	29412
14413	29413
14414	29414
14415	29415
14416	29416
14417	29417
14418	29418
14419	29419
14420	29420
14421	29421
14422	29422
14423	29423
14424	29424
14425	29425
14426	29426
14427	29427
14428	29428
14429	29429
14430	29430
14431	29431
14432	29432
14433	29433
14434	29434
14435	29435
14436	29436
14437	29437
14438	29438
14439	29439
14440	29440
14441	29441
14442	29442
14443	29443
14444	29444
14445	29445
14446	29446
14447	29447
14448	29448
14449	29449
14450	29450
14451	29451
14452	29452
14453	29453
14454	29454
14455	29455
14456	29456
14457	29457
14458	29458
14459	29459
14460	29460
14461	29461
14462	29462
14463	29463
14464	29464
14465	29465
14466	29466
14467	29467
14468	29468
14469	29469
14470	29470
14471	29471
14472	29472
14473	29473
14474	29474
14475	29475
14476	29476
14477	29477
14478	29478
14479	29479
14480	29480
14481	29481
14482	29482
14483	29483
14484	29484
14485	29485
14486	29486
14487	29487
14488	29488
14489	29489
14490	29490
14491	29491
14492	29492
14493	29493
14494	29494
14495	29495
14496	29496
14497	29497
14498	29498
14499	29499
14500	29500
14501	29501
14502	29502
14503	29503
14504	29504
14505	29505
14506	29506
14507	29507
14508	29508
14509	29509
14510	29510
14511	29511
14512	29512
14513	29513
14514	29514
14515	29515
14516	29516
14517	29517
14518	29518
14519	29519
14520	29520
14521	29521
14522	29522
14523	29523
14524	29524
14525	29525
14526	29526
14527	29527
14528	29528
14529	29529
14530	29530
14531	29531
14532	29532
14533	29533
14534	29534
14535	29535
14536	29536
14537	29537
14538	29538
14539	29539
14540	29540
14541	29541
14542	29542
14543	29543
14544	29544
14545	29545
14546	29546
14547	29547
14548	29548
14549	29549
14550	29550
14551	29551
14552	29552
14553	29553
14554	29554
14555	29555
14556	29556
14557	29557
14558	29558
14559	29559
14560	29560
14561	29561
14562	29562
14563	29563
14564	29564
14565	29565
14566	29566
14567	29567
14568	29568
14569	29569
14570	29570
14571	29571
14572	29572
14573	29573
14574	29574
14575	29575
14576	29576
14577	29577
14578	29578
14579	29579
14580	29580
14581	29581
14582	29582
14583	29583
14584	29584
14585	29585
14586	29586
14587	29587
14588	29588
14589	29589
14590	29590
14591	29591
14592	29592
14593	29593
14594	29594
14595	29595
14596	29596
14597	29597
14598	29598
14599	29599
14600	29600
14601	29601
14602	29602
14603	29603
14604	29604
14605	29605
14606	29606
14607	29607
14608	29608
14609	29609
14610	29610
14611	29611
14612	29612
14613	29613
14614	29614
14615	29615
14616	29616
14617	29617
14618	29618
14619	29619
14620	29620
14621	29621
14622	29622
14623	29623
14624	29624
14625	29625
14626	29626
14627	29627
14628	29628
14629	29629
14630	29630
14631	29631
14632	29632
14633	29633
14634	29634
14635	29635
14636	29636
14637	29637
14638	29638
14639	29639
14640	29640
14641	29641
14642	29642
14643	29643
14644	29644
14645	29645
14646	29646
14647	29647
14648	29648
14649	29649
14650	29650
14651	29651
14652	29652
14653	29653
14654	29654
14655	29655
14656	29656
14657	29657
14658	29658
14659	29659
14660	29660
14661	29661
14662	29662
14663	29663
14664	29664
14665	29665
14666	29666
14667	29667
14668	29668
14669	29669
14670	29670
14671	29671
14672	29672
14673	29673
14674	29674
14675	29675
14676	29676
14677	29677
14678	29678
14679	29679
14680	29680
14681	29681
14682	29682
14683	29683
14684	29684
14685	29685
14686	29686
14687	29687
14688	29688
14689	29689
14690	29690
14691	29691
14692	29692
14693	29693
14694	29694
14695	29695
14696	29696
14697	29697
14698	29698
14699	29699
14700	29700
14701	29701
14702	29702
14703	29703
14704	29704
14705	29705
14706	29706
14707	29707
14708	29708
14709	29709
14710	29710
14711	29711
14712	29712
14713	29713
14714	29714
14715	29715
14716	29716
14717	29717
14718	29718
14719	29719
14720	29720
14721	29721
14722	29722
14723	29723
14724	29724
14725	29725
14726	29726
14727	29727
14728	29728
14729	29729
14730	29730
14731	29731
14732	29732
14733	29733
14734	29734
14735	29735
14736	29736
14737	29737
14738	29738
14739	29739
14740	29740
14741	29741
14742	29742
14743	29743
14744	29744
14745	29745
14746	29746
14747	29747
14748	29748
14749	29749
14750	29750
14751	29751
14752	29752
14753	29753
14754	29754
14755	29755
14756	29756
14757	29757
14758	29758
14759	29759
14760	29760
14761	29761
14762	29762
14763	29763
14764	29764
14765	29765
14766	29766
14767	29767
14768	29768
14769	29769
14770	29770
14771	29771
14772	29772
14773	29773
14774	29774
14775	29775
14776	29776
14777	29777
14778	29778
14779	29779
14780	29780
14781	29781
14782	29782
14783	29783
14784	29784
14785	29785
14786	29786
14787	29787
14788	29788
14789	29789
14790	29790
14791	29791
14792	29792
14793	29793
14794	29794
14795	29795
14796	29796
14797	29797
14798	29798
14799	29799
14800	29800
14801	29801
14802	29802
14803	29803
14804	29804
14805	29805
14806	29806
14807	29807
14808	29808
14809	29809
14810	29810
14811	29811
14812	29812
14813	29813
14814	29814
14815	29815
14816	29816
14817	29817
14818	29818
14819	29819
14820	29820
14821	29821
14822	29822
14823	29823
14824	29824
14825	29825
14826	29826
14827	29827
14828	29828
14829	29829
14830	29830
14831	29831
14832	29832
14833	29833
14834	29834
14835	29835
14836	29836
14837	29837
14838	29838
14839	29839
14840	29840
14841	29841
14842	29842
14843	29843
14844	29844
14845	29845
14846	29846
14847	29847
14848	29848
14849	29849
14850	29850
14851	29851
14852	29852
14853	29853
14854	29854
14855	29855
14856	29856
14857	29857
14858	29858
14859	29859
14860	29860
14861	29861
14862	29862
14863	29863
14864	29864
14865	29865
14866	29866
14867	29867
14868	29868
14869	29869
14870	29870
14871	29871
14872	29872
14873	29873
14874	29874
14875	29875
14876	29876
14877	29877
14878	29878
14879	29879
14880	29880
14881	29881
14882	29882
14883	29883
14884	29884
14885	29885
14886	29886
14887	29887
14888	29888
14889	29889
14890	29890
14891	29891
14892	29892
14893	29893
14894	29894
14895	29895
14896	29896
14897	29897
14898	29898
14899	29899
14900	29900
14901	29901
14902	29902
14903	29903
14904	29904
14905	29905
14906	29906
14907	29907
14908	29908
14909	29909
14910	29910
14911	29911
14912	29912
14913	29913
14914	29914
14915	29915
14916	29916
14917	29917
14918	29918
14919	29919
14920	29920
14921	29921
14922	29922
14923	29923
14924	29924
14925	29925
14926	29926
14927	29927
14928	29928
14929	29929
14930	29930
14931	29931
14932	29932
14933	29933
14934	29934
14935	29935
14936	29936
14937	29937
14938	29938
14939	29939
14940	29940
14941	29941
14942	29942
14943	29943
14944	29944
14945	29945
14946	29946
14947	29947
14948	29948
14949	29949
14950	29950
14951	29951
14952	29952
14953	29953
14954	29954
14955	29955
14956	29956
14957	29957
14958	29958
14959	29959
14960	29960
14961	29961
14962	29962
14963	29963
14964	29964
14965	29965
14966	29966
14967	29967
14968	29968
14969	29969
14970	29970
14971	29971
14972	29972
14973	29973
14974	29974
14975	29975
14976	29976
14977	29977
14978	29978
14979	29979
14980	29980
14981	29981
14982	29982
14983	29983
14984	29984
14985	29985
14986	29986
14987	29987
14988	29988
14989	29989
14990	29990
14991	29991
14992	29992
14993	29993
14994	29994
14995	29995
14996	29996
14997	29997
14998	29998
14999	29999
