6323	81	8150
7475	81	8150
7002	81	8150
23150	171	21323
23150	171	22475
23150	171	22002
2422	26	12719
2422	81	9916
2422	53	14061
2422	40	12406
27719	172	17422
24916	171	17422
29061	168	17422
27406	173	17422
6487	112	5456
6487	34	12703
6487	162	1178
21487	184	20456
21487	190	27703
21487	190	16178
14083	70	10336
10336	59	261
25336	174	29083
25336	174	15261
2823	129	8042
6387	129	8042
417	53	8042
23042	168	17823
23042	168	21387
23042	168	15417
5594	81	13465
5594	81	2294
28465	171	20594
17294	171	20594
6191	128	9264
6191	128	13315
21191	185	24264
21191	185	28315
7127	112	616
7127	34	2459
7127	34	5545
22127	186	17459
22127	190	17459
22127	190	20545
4659	81	14452
4659	81	4093
29452	171	19659
19093	171	19659
636	34	3249
13333	34	3249
15636	190	18249
28333	190	18249
14816	81	3329
18329	171	29816
5557	40	9320
849	81	9320
3659	26	9320
3659	40	9320
4109	53	9320
4109	40	9320
24320	173	20557
24320	171	15849
24320	172	18659
24320	173	18659
24320	168	19109
24320	173	19109
14224	53	3391
18391	168	29224
589	34	1064
589	34	10105
15589	190	16064
15589	190	25105
12198	87	1849
27198	165	16849
341	34	7268
341	34	12706
15341	190	22268
15341	190	27706
12332	146	10481
3737	146	10481
27332	192	25481
18737	192	25481
12187	81	3029
8787	81	3029
18029	171	27187
18029	171	23787
3839	34	6939
3839	34	12418
18839	190	21939
18839	190	27418
3749	81	775
5668	81	775
6153	81	775
3166	81	775
15775	171	18749
15775	171	20668
15775	171	21153
15775	171	18166
12999	87	1647
27999	165	16647
6756	34	7980
6756	34	6253
21756	190	22980
21756	190	21253
6025	34	37
8488	34	37
13698	34	37
1470	34	37
5676	34	37
6906	34	37
21025	190	15037
23488	190	15037
28698	190	15037
16470	190	15037
20676	190	15037
21906	190	15037
3919	26	1782
3919	81	4608
3919	40	7641
3919	81	3990
16782	172	18919
19608	171	18919
22641	173	18919
18990	171	18919
5049	81	612
8457	81	612
3088	81	612
686	81	612
9959	81	612
14090	81	612
15612	171	20049
15612	171	23457
15612	171	18088
15612	171	15686
15612	171	24959
15612	171	29090
7254	81	5895
7254	40	14006
20895	171	22254
29006	173	22254
2139	81	208
2139	81	7519
15208	171	17139
22519	171	17139
3893	81	4867
6983	40	4867
5531	13	4867
19867	171	18893
19867	173	21983
20531	189	19867
13508	87	3076
28508	165	18076
10478	81	13347
10478	81	8519
28347	171	25478
23519	171	25478
8180	34	6184
23180	190	21184
3866	53	7603
3866	19	2755
22603	168	18866
17755	187	18866
3497	53	7603
12209	53	7603
4107	53	7603
4430	53	7603
4726	53	7603
10055	40	7603
4535	144	7603
3866	53	7603
22603	168	18497
22603	168	27209
22603	168	19107
22603	168	19430
22603	168	19726
22603	173	25055
22603	168	19430
22603	168	18866
4221	81	14600
4221	26	727
29600	171	19221
15727	172	19221
5118	81	12478
27478	171	20118
1851	14	12170
16851	180	27170
12841	81	100
9609	81	100
4584	81	100
12366	81	100
4999	81	100
15100	171	27841
15100	171	24609
15100	171	19584
15100	171	27366
15100	171	19999
12831	34	1850
27831	190	16850
6118	81	6540
6118	26	10044
6118	144	3541
6118	19	157
21540	171	21118
25044	172	21118
18541	168	21118
15157	187	21118
8242	40	63
8242	81	2078
15063	173	23242
17078	171	23242
2703	81	7448
2703	81	8427
2703	81	2543
2703	40	9679
2703	81	4127
2703	81	7635
22448	171	17703
23427	171	17703
17543	171	17703
24679	173	17703
19127	171	17703
22635	171	17703
5034	34	7095
5034	34	13758
20034	190	22095
20034	190	28758
4434	19	5280
4434	81	1630
20280	187	19434
16630	171	19434
8196	81	6919
8196	26	6582
21919	171	23196
21582	172	23196
7820	81	14909
7820	81	7070
29909	171	22820
22070	171	22820
7169	34	12300
7169	34	12410
22169	190	27300
22169	190	27410
6021	81	3298
14620	81	3298
12631	81	3298
3298	112	13927
14499	81	3298
14570	81	3298
18298	171	21021
18298	171	29620
18298	171	27631
18298	179	28927
18298	171	29499
18298	171	29570
340	81	12040
340	81	2852
27040	171	15340
17852	171	15340
12321	34	386
27321	190	15386
6550	81	12644
6550	40	9954
27644	171	21550
24954	173	21550
2261	34	1550
2261	34	3686
17261	190	16550
17261	190	18686
5591	34	14772
5591	34	5659
20591	190	29772
20591	190	20659
996	81	6318
4329	81	6318
4712	81	6318
216	81	6318
10182	81	6318
13397	81	6318
14038	81	6318
12739	81	6318
21318	171	15996
21318	171	19329
21318	171	19712
21318	171	15216
21318	171	25182
21318	171	28397
21318	171	29038
21318	171	27739
744	81	9660
24660	171	15744
8865	34	13251
23865	190	28251
1632	81	4856
1632	81	9204
19856	171	16632
24204	171	16632
396	81	8893
23893	171	15396
2437	81	7483
2437	81	13542
22483	171	17437
28542	171	17437
9657	81	8748
9657	81	431
23748	171	24657
15431	171	24657
9844	81	3254
18254	171	24844
9617	81	8087
9617	26	14327
23087	171	24617
29327	172	24617
2964	81	7874
9999	81	7874
4379	81	7874
22874	171	17964
22874	171	24999
22874	171	19379
7430	151	7740
12658	53	7430
22430	168	18461
22430	168	27658
915	43	13310
15915	190	28310
7054	34	3161
22054	190	18161
1809	53	12836
1809	57	374
27836	168	16809
15374	168	16809
1689	19	14863
1689	81	14753
1689	81	2726
29863	187	16689
29753	171	16689
17726	171	16689
12331	19	6581
13879	19	6581
3055	19	6581
21581	187	27331
21581	187	28879
21581	187	18055
10312	81	7536
10312	81	4066
22536	171	25312
19066	171	25312
7927	81	2852
7927	81	813
17852	171	22927
15813	171	22927
13671	81	4403
19403	171	28671
2654	81	2804
2654	81	12987
17804	171	17654
27987	171	17654
3140	81	7389
13824	81	7389
8582	81	7389
1071	81	7389
12885	81	7389
2866	81	7389
22389	171	18140
22389	171	28824
22389	171	23582
22389	171	16071
22389	171	27885
22389	171	17866
5676	34	8095
5016	34	8095
20676	190	23095
20016	190	23095
3912	26	9543
12092	26	9543
24543	172	18912
24543	172	27092
10251	34	2876
10251	112	12059
10251	34	9801
25251	190	17876
25251	184	27059
25251	190	24801
12336	81	5167
6237	81	5167
2270	81	5167
8853	81	5167
6615	81	5167
6435	81	5167
20167	171	27336
20167	171	21237
20167	171	17270
20167	171	23853
20167	171	21615
20167	171	21435
6781	81	1627
8683	81	1627
1933	81	1627
12923	81	1627
1644	81	1627
12876	81	1627
16627	171	21781
16627	171	23683
16627	171	16933
16627	171	27923
16627	171	16644
16627	171	27876
8511	97	13051
28051	168	23511
8052	81	14437
8052	81	4398
29437	171	23052
19398	171	23052
5602	34	5886
20602	190	20886
7145	81	8788
3013	81	8788
7600	81	8788
8603	81	8788
6107	81	8788
4718	81	8788
6659	81	8788
23788	171	22145
23788	171	18013
23788	171	22600
23788	171	23603
23788	171	21107
23788	171	19718
23788	171	21659
1966	81	6828
905	134	6828
12622	40	6828
12622	19	6828
10268	81	6828
8444	81	6828
1714	81	6828
21828	171	16966
21828	171	16714
21828	187	27622
21828	171	27622
21828	171	25268
21828	171	23444
21828	171	16714
2017	112	1242
13952	14	1242
13164	112	1242
5154	112	1242
4970	112	1242
17017	184	16242
28952	184	16242
28164	184	16242
20154	184	16242
19970	184	16242
8859	26	10072
8859	81	1844
8859	40	5738
8859	81	3306
25072	172	23859
16844	171	23859
20738	173	23859
18306	171	23859
13133	40	5479
2070	40	5479
20479	173	28133
20479	173	17070
14692	151	5538
20538	190	29692
3004	26	5948
3004	26	6277
3004	19	13726
20948	172	18004
21277	172	18004
28726	187	18004
5700	70	12656
5700	70	3242
27656	174	20700
18242	174	20700
8676	19	2191
13808	19	2191
17191	187	23676
17191	187	28808
5314	81	4487
5314	81	1433
19487	171	20314
16433	171	20314
4243	26	12272
4243	81	12135
27272	172	19243
27135	171	19243
3521	34	10454
4704	34	10454
6832	34	10454
9435	34	10454
9651	34	10454
18521	190	25454
19704	190	25454
21832	190	25454
24435	190	25454
24651	190	25454
14817	40	8165
9625	40	8165
14161	40	8165
635	40	8165
14028	40	8165
3519	40	8165
14599	40	8165
12323	40	8165
23165	173	29817
23165	173	24625
23165	173	29161
23165	173	15635
23165	173	29028
23165	173	18519
23165	173	29599
23165	173	27323
8200	34	7980
8200	34	2831
8200	34	13261
23200	190	22980
23200	190	17831
23200	190	28261
608	57	4778
608	53	12815
15484	168	15608
27815	168	15608
8624	81	3741
9928	81	3741
6056	81	3741
6156	81	3741
229	81	3741
18741	171	23624
18741	171	24928
18741	171	21056
18741	171	21156
18741	171	15229
413	34	2274
13626	34	2274
15413	190	17274
28626	190	17274
5821	57	1958
16958	168	20821
2304	34	12003
2304	34	1523
17304	190	27003
17304	190	16523
9999	81	12866
9999	26	10240
9999	81	7874
27866	171	24999
25240	172	24999
22874	171	24999
9716	81	4752
12131	81	4752
12320	81	4752
4626	81	4752
19752	171	24716
19752	171	27131
19752	171	27320
19752	171	19626
1335	26	3087
18087	172	16335
4899	81	431
4899	81	10365
4899	81	14015
15431	171	19899
25365	171	19899
29015	171	19899
12969	57	3897
10451	57	3897
8983	26	3897
18897	168	27969
18897	168	24041
18897	172	23983
14020	40	403
14020	53	403
15403	173	29020
15403	168	29020
2857	81	12797
2857	81	6507
27797	171	17857
21507	171	17857
10326	81	14361
10326	81	3181
29361	171	25326
18181	171	25326
6446	81	6111
6446	81	9542
21111	171	21446
24542	171	21446
6771	19	5675
6771	26	1706
20675	187	21771
16706	172	21771
6468	86	12305
21468	165	27305
6004	53	834
13552	53	834
15834	168	21004
15834	168	28552
3950	81	4201
3950	81	3951
3950	40	4601
19201	171	18950
18951	171	18950
19601	173	18950
1855	81	9596
1855	26	10297
1855	81	12384
24596	171	16855
25297	172	16855
27384	171	16855
13244	81	3052
9875	81	3052
18052	171	28244
18052	171	24875
5028	81	1542
6825	81	1542
12841	81	1542
6913	81	1542
13560	81	1542
12107	81	1542
16542	171	20028
16542	171	21825
16542	171	27841
16542	171	21913
16542	171	28560
16542	171	27107
13160	150	6494
28160	165	21494
2370	81	8024
23024	171	17370
9861	144	5962
20962	168	24861
10468	112	1047
10468	34	3763
25468	184	16047
25468	190	18763
9158	81	6204
9158	81	2121
21204	171	24158
17121	171	24158
1363	81	8317
5415	81	8317
14229	81	8317
23317	171	16363
23317	171	20415
23317	171	29229
14977	14	5329
29977	180	20329
4736	86	5297
19736	165	20297
9148	34	3459
9148	34	2466
24148	190	18459
24148	190	17466
5935	53	1041
16041	168	20935
5503	81	13039
5503	40	14379
28039	171	20503
29379	173	20503
2048	81	6204
2048	81	5014
21204	171	17048
20014	171	17048
1431	53	13448
1431	81	1557
1431	53	13246
28448	168	16431
16557	171	16431
28246	168	16431
12208	26	1979
16979	172	27208
13963	34	10254
12421	34	10254
28963	190	25254
27421	190	25254
9849	34	4181
9849	34	9834
24849	190	19181
24849	190	24834
9281	81	5744
9281	53	14705
9281	40	1609
20744	171	24281
29705	168	24281
16609	173	24281
9363	26	2784
9363	53	633
9363	40	1661
17784	172	24363
15633	168	24363
16661	173	24363
4874	81	6507
4874	81	525
21507	171	19874
15525	171	19874
8616	53	10437
8616	40	3822
25437	168	23616
18822	173	23616
9182	26	5462
9182	81	2843
9182	81	4549
20462	172	24182
17843	171	24182
19549	171	24182
14391	34	6155
29391	190	21155
9797	81	7039
9797	81	10305
22039	171	24797
25305	171	24797
7464	81	1875
16875	171	22464
4920	53	12314
4920	81	766
27314	168	19920
15766	171	19920
8848	81	9422
6459	81	9422
8606	81	9422
13998	81	9422
14230	81	9422
8341	81	9422
7066	81	9422
24422	171	23848
24422	171	21459
24422	171	23606
24422	171	28998
24422	171	29230
24422	171	23341
24422	171	22066
8308	26	1706
13428	26	1706
5899	26	1706
5389	26	1706
5798	26	1706
6732	26	1706
7015	26	1706
8183	26	1706
9730	26	1706
955	26	1706
5243	26	1706
13659	26	1706
13743	26	1706
6085	26	1706
4437	26	1706
8581	26	1706
3220	26	1706
5049	26	1706
13073	26	1706
3512	26	1706
7024	26	1706
7083	26	1706
3884	26	1706
10135	26	1706
2071	26	1706
7583	26	1706
2559	26	1706
6771	26	1706
16706	172	23308
16706	172	28428
16706	172	20899
16706	172	20389
16706	172	20798
16706	172	21732
16706	172	22015
16706	172	23183
16706	172	24730
16706	172	15955
16706	172	20243
16706	172	28659
16706	172	28743
16706	172	21085
16706	172	19437
16706	172	23581
16706	172	18220
16706	172	20049
16706	172	28073
16706	172	18512
16706	172	22024
16706	172	22083
16706	172	18884
16706	172	25135
16706	172	17071
16706	172	22583
16706	172	17559
16706	172	21771
2225	40	8667
2225	19	134
2225	81	4508
2225	81	7239
2225	81	14437
2225	81	6170
23667	173	17225
15134	187	17225
19508	171	17225
22239	171	17225
29437	171	17225
21170	171	17225
5810	26	14820
5810	40	8825
29820	172	20810
23825	173	20810
10163	81	1691
10163	81	489
16691	171	25163
15489	171	25163
6212	81	5601
5049	81	5601
64	81	5601
6787	81	5601
3808	81	5601
13027	81	5601
8070	81	5601
5670	81	5601
6126	81	5601
14283	81	5601
8037	81	5601
7482	81	5601
20601	171	21212
20601	171	20049
20601	171	15064
20601	171	21787
20601	171	18808
20601	171	28027
20601	171	23070
20601	171	20670
20601	171	21126
20601	171	29283
20601	171	23037
20601	171	22482
13163	81	4331
8307	81	4331
19331	171	28163
19331	171	23307
13944	81	4384
1950	81	4384
19384	171	28944
19384	171	16950
9391	19	4159
19159	187	24391
3356	40	10175
3356	19	8194
25175	173	18356
23194	187	18356
14582	81	1334
7552	81	1334
9759	152	1334
12623	81	1334
16334	171	29582
16334	171	22552
24759	191	16334
16334	171	27623
9625	40	8165
9625	53	4431
9625	81	1318
23165	173	24625
19431	168	24625
16318	171	24625
9404	81	12644
27644	171	24404
6663	26	13225
6663	40	867
6663	53	327
6663	19	3599
6663	19	8053
28225	172	21663
15867	173	21663
15327	168	21663
18599	187	21663
23053	187	21663
14625	34	10307
14635	162	10307
7566	34	10307
8622	34	10307
1017	34	10307
9743	162	10307
303	34	10307
1459	34	10307
5730	34	10307
29625	190	25307
29635	190	25307
22566	190	25307
23622	190	25307
24743	190	25307
24743	190	25307
15303	190	25307
16459	190	25307
20730	190	25307
6988	26	1083
6988	81	13542
16083	172	21988
28542	171	21988
407	112	9952
407	34	8403
407	34	14862
15407	179	24952
15407	190	23403
15407	190	29862
9928	81	3741
9928	81	13441
18741	171	24928
28441	171	24928
9368	81	14458
29458	171	24368
3228	34	15
13979	34	15
14248	34	15
18228	190	15015
28979	190	15015
29248	190	15015
4973	34	331
4678	34	331
9949	162	331
14307	34	331
5651	34	331
4890	34	331
19973	190	15331
24949	190	15331
20651	190	15331
29307	190	15331
20651	190	15331
19890	190	15331
6585	81	4066
7689	81	4066
9296	81	4066
10312	81	4066
9083	81	4066
2111	81	4066
14739	81	4066
19066	171	21585
19066	171	22689
19066	171	24296
19066	171	25312
19066	171	24083
19066	171	17111
19066	171	29739
5036	81	6507
21507	171	20036
2385	81	9367
2385	19	13418
24367	171	17385
28418	187	17385
3185	81	13301
3185	26	6582
28301	171	18185
21582	172	18185
417	81	10187
1474	81	10187
25187	171	15417
25187	171	16474
6137	19	7594
7467	19	7594
2026	19	7594
10158	19	7594
5878	19	7594
2421	19	7594
14203	19	7594
7215	19	7594
9410	19	7594
3539	19	7594
6402	19	7594
22594	187	21137
22594	187	22467
22594	187	17026
22594	187	25158
22594	187	20878
22594	187	17421
22594	187	29203
22594	187	22215
22594	187	24410
22594	187	18539
22594	187	21402
12079	81	9007
7456	81	9007
4131	81	9007
3696	81	9007
24007	171	27079
24007	171	22456
24007	171	19131
24007	171	18696
6563	81	1219
1626	81	1219
344	81	1219
1003	81	1219
1219	152	1661
4611	81	1219
8098	81	1219
16219	171	21563
16219	171	16626
16219	171	15344
16219	171	16003
16219	191	16661
16219	171	19611
16219	171	23098
7120	81	13095
28095	171	22120
5725	81	12659
27659	171	20725
7678	34	14431
22678	190	29431
13737	40	9467
3889	40	9467
13974	40	9467
631	40	9467
3906	40	9467
24467	173	28737
24467	173	18889
24467	173	28974
24467	173	15631
24467	173	18906
5728	34	13152
5728	34	13745
5728	34	13154
20728	190	28152
20728	190	28745
20728	190	28154
2331	81	9228
2331	81	8769
2331	81	84
24228	171	17331
23769	171	17331
15084	171	17331
14297	19	1268
969	19	1268
272	19	1268
8203	19	1268
14134	19	1268
14684	19	1268
16268	187	29297
16268	187	15969
16268	187	15272
16268	187	23203
16268	187	29134
16268	187	29684
2320	81	2113
14169	81	2113
2113	112	1901
17113	171	17320
17113	171	29169
17113	184	16901
8373	112	473
7049	26	8373
6048	26	8373
14944	26	8373
4895	26	8373
14005	26	8373
23373	184	15473
23373	172	22049
23373	172	21048
23373	172	29944
23373	172	19895
23373	172	29005
9920	53	7731
14639	40	7731
14639	53	7731
22731	168	24920
22731	173	29639
22731	168	29639
5025	81	3084
2328	81	3084
24	81	3084
7851	81	3084
5565	81	3084
6946	81	3084
9918	81	3084
12613	81	3084
14893	81	3084
13331	81	3084
4762	81	3084
2037	81	3084
2322	81	3084
18084	171	20025
18084	171	17328
18084	171	15024
18084	171	22851
18084	171	20565
18084	171	17322
18084	171	24918
18084	171	27613
18084	171	29893
18084	171	28331
18084	171	19762
18084	171	17037
18084	171	17322
9609	81	100
9609	81	13231
15100	171	24609
28231	171	24609
6127	40	8632
23632	173	21127
7113	40	8974
4851	40	8974
13645	40	8974
13645	53	8974
6447	40	8974
12317	40	8974
1175	40	8974
3205	40	8974
3205	53	8974
23974	173	16175
23974	173	19851
23974	173	28645
23974	168	28645
23974	173	22113
23974	173	27317
23974	173	22113
23974	173	18205
23974	168	18205
4935	81	14146
4935	81	4398
29146	171	19935
19398	171	19935
5391	81	675
2338	81	675
15675	171	20391
15675	171	17338
3360	81	4189
19189	171	18360
7578	81	3939
18939	171	22578
3753	81	3126
5192	81	3126
9709	81	3126
2803	81	3126
9211	81	3126
8382	81	3126
3539	81	3126
12031	81	3126
3126	152	10243
18126	171	18753
18126	171	20192
18126	171	24709
18126	171	17803
18126	171	24211
18126	171	23382
18126	171	18539
18126	171	27031
18126	191	25243
7585	19	2888
7585	81	9883
7585	26	1782
17888	187	22585
24883	171	22585
16782	172	22585
14192	53	6449
13791	53	6449
21449	168	29192
21449	168	28791
7443	81	3694
7443	81	10065
7443	81	4685
7443	40	9954
18694	171	22443
25065	171	22443
19685	171	22443
24954	173	22443
7109	81	1488
7109	81	2239
7109	81	2438
16488	171	22109
17239	171	22109
17438	171	22109
797	40	4353
797	81	14496
797	81	5484
797	81	4423
797	81	3091
19353	187	15797
29496	171	15797
20484	171	15797
19423	171	15797
18091	171	15797
3592	40	5284
3592	81	5993
20284	173	18592
20993	171	18592
2518	34	12149
2518	34	2614
17518	190	27149
17518	190	17614
7522	81	7313
7522	81	13794
22313	171	22522
28794	171	22522
812	26	10231
5988	26	10231
3981	26	10231
7382	26	10231
25231	172	15812
25231	172	20988
25231	172	18981
25231	172	22382
4701	53	14705
4701	81	8814
4701	81	4166
4701	81	8076
4701	40	12335
4701	81	13610
4701	26	4730
29705	168	19701
23814	171	19701
19166	171	19701
23076	171	19701
27335	173	19701
28610	171	19701
19730	172	19701
3565	112	4399
3565	34	6790
18565	184	19399
18565	190	21790
9616	34	10212
13763	34	10212
12173	34	10212
24616	190	25212
28763	190	25212
27173	190	25212
6237	81	5167
6237	40	9413
6237	81	5562
20167	171	21237
24413	173	21237
20562	171	21237
6862	53	570
6862	19	3888
6862	53	7834
15570	168	21862
18888	187	21862
22834	168	21862
2308	81	8793
13697	81	8793
9835	81	8793
7979	81	8793
10031	81	8793
14271	81	8793
23793	171	17308
23793	171	28697
23793	171	24835
23793	171	22979
23793	171	25031
23793	171	29271
8867	81	5881
8867	81	14600
8867	81	12492
8867	81	7199
8867	26	13087
8867	81	2707
20881	171	23867
29600	171	23867
27492	171	23867
22199	171	23867
28087	172	23867
17707	171	23867
8766	81	8148
8078	81	8148
5740	81	8148
12204	81	8148
13735	81	8148
1010	81	8148
23148	171	23766
23148	171	23078
23148	171	20740
23148	171	27204
23148	171	28735
23148	171	16010
931	81	469
15469	171	15931
7124	81	769
2081	81	769
520	40	769
4144	81	769
10488	81	769
12429	81	769
3854	81	769
12594	81	769
12940	81	769
170	81	769
15769	171	22124
15769	171	17081
15769	173	15520
15769	171	19144
15769	171	25488
15769	171	27429
15769	171	18854
15769	171	27594
15769	171	27940
15769	171	15170
5673	81	5554
12863	81	5554
20554	171	20673
20554	171	27863
10033	81	8928
23928	171	25033
3293	26	13653
3293	81	12791
28653	172	18293
27791	171	18293
7868	34	9896
7868	112	1121
22868	190	24896
22868	184	16121
3450	53	13151
28151	168	18450
2402	53	14103
2402	57	13569
2402	53	823
2402	53	734
29103	168	17402
28569	168	17402
15823	168	17402
15734	168	17402
4041	81	12040
4041	81	6139
27040	171	19041
21139	171	19041
916	26	12032
916	81	7715
916	81	4062
27032	172	15916
22715	171	15916
19062	171	15916
4263	81	8549
4263	53	3000
4263	81	7523
4263	40	6117
4263	81	4266
23549	171	19263
18000	168	19263
22523	171	19263
21117	173	19263
19266	171	19263
7661	34	6693
2603	162	6693
14126	34	6693
22661	190	21693
17603	190	21693
29126	190	21693
5094	40	10372
5094	81	5985
5094	26	14166
5094	81	2999
5094	53	14435
25372	173	20094
20985	171	20094
29166	172	20094
17999	171	20094
29435	168	20094
8581	81	12734
8581	40	9029
8581	26	1706
27734	171	23581
24029	173	23581
16706	172	23581
1156	81	12644
1156	81	5652
1156	53	14601
27644	171	16156
20652	171	16156
29601	168	16156
716	53	14794
716	53	12084
716	81	3085
716	81	10042
29794	168	15716
27084	168	15716
18085	171	15716
25042	171	15716
5139	81	5590
20590	171	20139
5844	162	14976
5844	112	764
20844	190	29976
20844	184	15764
1367	144	13639
28639	168	16367
6480	34	13781
6480	34	3307
6480	34	1682
21480	190	28781
21480	190	18307
21480	190	16682
2835	34	13248
2835	34	1550
17835	190	28248
17835	190	16550
13492	40	1236
12975	40	1236
3490	40	1236
16236	173	28492
16236	173	27975
16236	173	18490
9206	81	4508
19508	171	24206
2754	81	3566
2974	81	3566
674	152	3566
18566	171	17754
18566	171	17974
15674	191	18566
1758	81	12478
1758	81	6878
27478	171	16758
21878	171	16758
12203	161	3472
27203	165	18472
9173	34	7555
9173	34	12703
24173	190	22555
24173	190	27703
2823	97	13925
2823	129	8042
28925	168	17823
23042	168	17823
12624	57	2314
13187	57	2314
17314	168	27624
17314	168	28187
14957	34	10023
827	34	10023
3567	34	10023
5689	34	10023
29957	190	25023
18567	190	25023
18567	190	25023
20689	190	25023
12242	34	1030
6630	162	1030
27242	190	16030
21630	190	16030
4133	81	5744
4133	81	12986
20744	171	19133
27986	171	19133
7082	57	3511
7082	53	8120
18511	168	22082
18511	168	22082
4712	53	1882
4712	26	7058
4712	81	6318
16882	168	19712
22058	172	19712
21318	171	19712
3397	26	8707
23707	172	18397
14185	81	6460
21460	171	29185
3447	40	3000
3447	19	6889
18000	173	18447
21889	187	18447
4812	26	10178
389	26	10178
9046	26	10178
25178	172	19812
25178	172	15389
25178	172	24046
8341	81	2517
8341	81	9422
17517	171	23341
24422	171	23341
4653	34	10309
297	34	10309
13453	34	10309
19653	190	25309
15297	190	25309
28453	190	25309
528	81	14437
528	19	2380
528	81	1135
528	40	3938
29437	171	15528
17380	187	15528
16135	171	15528
18938	173	15528
13383	65	2298
17298	168	28383
12451	34	8041
9951	34	8041
8622	162	8041
27451	190	23041
24951	190	23041
23622	190	23041
12184	53	6533
21533	168	27184
6830	81	7928
1541	81	7928
8051	81	7928
4626	81	7928
22928	171	21830
22928	171	16541
22928	171	23051
22928	171	19626
6030	35	9952
3380	34	6030
21030	165	24952
18380	190	21030
8111	34	1656
23111	190	16656
9665	81	7220
9665	81	3563
22220	171	24665
18563	171	24665
7631	53	9612
7631	40	12665
24612	168	22631
27665	173	22631
1371	53	13799
28799	168	16371
7619	53	9205
24205	168	22619
366	81	8445
366	40	14630
23445	171	15366
29630	173	15366
9586	81	9738
24738	171	24586
409	40	12534
27534	173	15409
862	81	7720
862	81	5828
22720	171	15862
20828	171	15862
10369	81	9306
4168	81	9306
8269	81	9306
3925	81	9306
8374	81	9306
13855	81	9306
5075	81	9306
24306	171	25369
24306	171	19168
24306	171	23269
24306	171	18925
24306	171	23374
24306	171	28855
24306	171	20075
4046	81	12463
4046	26	777
27463	171	19046
15777	172	19046
3379	26	13087
3379	81	14497
28087	172	18379
29497	171	18379
536	152	1111
5407	81	536
16111	191	15536
15536	171	20407
5004	40	12126
5004	26	1461
5004	81	1506
27126	173	20004
16461	172	20004
16506	171	20004
4223	81	3120
4223	26	13663
18120	171	19223
28663	172	19223
444	81	7720
22720	171	15444
1820	81	8083
12884	53	8083
23083	171	16820
23083	168	27884
3234	40	9964
3234	81	13120
3234	53	1346
24964	173	18234
28120	171	18234
16346	168	18234
3832	34	1791
3832	34	10455
3832	34	1437
18832	190	16791
18832	190	25455
18832	190	16437
8936	81	4256
8936	81	7523
19256	171	23936
22523	171	23936
4505	81	2444
5720	81	2444
2062	81	2444
12758	81	2444
421	81	2444
9762	81	2444
17444	171	19505
17444	171	20720
17444	171	17062
17444	171	27758
17444	171	15421
17444	171	24762
8689	81	7192
8689	81	12355
22192	171	23689
27355	171	23689
7669	34	8833
2671	34	8833
2303	34	8833
22669	190	23833
17671	190	23833
17303	190	23833
2615	81	4764
2615	81	7779
2615	19	219
19764	171	17615
22779	171	17615
15219	187	17615
203	87	2243
13584	87	2243
14795	87	2243
23279	165	17243
28584	165	17243
29795	165	17243
8907	81	9862
8907	81	9706
24862	171	23907
24706	171	23907
3138	81	14276
3138	81	806
29276	171	18138
15806	171	18138
3795	81	1312
3795	26	10301
16312	171	18795
25301	172	18795
13735	26	1218
6502	26	1218
16218	172	28735
16218	172	21502
8491	34	2536
8491	34	13833
8491	34	9794
23491	190	17536
23491	190	28833
23491	190	24794
8112	57	13014
28014	168	23112
4380	81	7355
3432	81	7355
12295	81	7355
22355	171	19380
22355	171	18432
22355	171	27295
2210	81	13761
2210	53	13129
2210	81	3416
2210	26	5566
2210	81	9190
28761	171	17210
28129	168	17210
18416	171	17210
20566	172	17210
24190	171	17210
5181	19	3928
5181	26	10297
5181	40	6698
18928	187	20181
25297	172	20181
21698	173	20181
13887	81	3449
10334	81	3449
18449	171	28887
18449	171	25334
5932	81	9415
5932	81	8469
24415	171	20932
23469	171	20932
5932	81	8469
4314	81	8469
7106	81	8469
23469	171	20932
23469	171	19314
23469	171	22106
9600	26	14995
9600	26	3511
9600	81	8120
29995	172	24600
18511	172	24600
18511	172	24600
8080	34	13010
23080	190	28010
3619	34	336
3619	34	2181
3619	112	1702
3619	34	8617
18619	190	15336
18619	190	17181
18619	186	17181
18619	190	23617
9281	40	1609
5121	40	1609
14354	40	1609
7728	40	1609
12880	40	1609
12877	19	1609
3388	40	1609
8335	40	1609
1495	19	1609
6899	40	1609
1770	19	1609
16609	173	24281
16609	173	20121
16609	173	29354
16609	173	22728
16609	173	27880
16609	187	27877
16609	173	18388
16609	173	23335
16609	187	16495
16609	173	21899
16609	187	16770
6563	40	9116
512	40	9116
9758	40	9116
13718	40	9116
1308	40	9116
9523	40	9116
3170	40	9116
24116	173	21563
24116	173	15512
24116	173	24758
24116	173	28718
24116	173	16308
24116	173	24523
24116	173	18170
1331	81	12916
1331	81	13792
1331	81	587
1331	81	7710
1331	81	8748
1331	81	9596
1331	81	12711
1331	81	7749
1331	81	14042
27916	171	16331
28792	171	16331
15587	171	16331
22710	171	16331
23748	171	16331
24596	171	16331
27711	171	16331
22749	171	16331
29042	171	16331
2858	19	6728
2858	26	12927
2858	40	3938
21728	187	17858
27927	172	17858
18938	173	17858
14475	81	6114
7768	81	6114
7315	81	6114
13742	152	6114
21114	171	29475
21114	171	22768
21114	171	22315
28742	191	21114
9959	81	612
9959	81	12986
15612	171	24959
27986	171	24959
1920	81	1605
8003	81	1605
270	81	1605
16605	171	16920
16605	171	23003
16605	171	15270
835	34	12256
835	34	13837
15835	190	27256
15835	190	28837
12263	34	6820
10353	34	6820
7629	34	6820
6926	34	6820
27263	190	21820
25353	190	21820
22629	190	21820
21926	190	21820
88	81	3883
88	19	9067
88	81	3149
18883	171	15088
24067	187	15088
18149	171	15088
13523	40	9242
1810	53	9242
1810	40	9242
24242	173	28523
24242	168	16810
24242	173	16810
7142	57	13780
28780	168	22142
2779	81	9415
2779	26	7195
24415	171	17779
22195	172	17779
7011	57	14681
29681	168	22011
2600	81	13330
2600	81	10165
2600	40	5738
28330	171	17600
25165	171	17600
20738	173	17600
9419	40	14755
9419	81	4801
29755	173	24419
19801	171	24419
1081	81	8129
4857	81	8129
2833	81	8129
2898	81	8129
23129	171	16081
23129	171	19857
23129	171	17833
23129	171	17898
3087	112	4689
81	26	3087
6969	26	3087
4232	26	3087
5696	26	3087
14384	26	3087
1335	26	3087
1973	26	3087
9410	26	3087
18087	184	19689
18087	172	15081
18087	172	21969
18087	172	19232
18087	172	20696
18087	172	29384
18087	172	16335
18087	172	16973
18087	172	24410
8298	87	12432
8298	87	12121
23298	165	27432
23298	165	27121
9898	34	14938
9898	34	12076
9898	34	13089
9898	34	7358
24898	190	29938
24898	190	27076
24898	190	28089
24898	190	22358
9781	81	14897
29897	171	24781
5541	34	12747
20541	190	27747
6510	81	13777
6510	53	2083
28777	171	21510
17083	168	21510
1360	123	12832
27832	168	16360
5342	34	3864
5342	34	3686
20342	190	18864
20342	190	18686
10428	34	680
25428	190	15680
2675	19	299
5248	19	299
6893	19	299
635	19	299
1053	19	299
3404	19	299
7527	19	299
9189	19	299
15299	187	17675
15299	187	20248
15299	187	21893
15299	187	15635
15299	187	16053
15299	187	18404
15299	187	22527
15299	187	24189
276	81	43
276	53	14426
276	40	14426
15043	171	15276
29426	168	15276
29426	173	15276
1081	53	5697
12670	40	5697
20697	168	16081
20697	173	27670
14994	53	9577
14185	53	9577
927	53	9577
14026	53	9577
24577	168	29994
24577	168	29185
24577	168	15927
24577	168	29026
13604	81	2658
3724	81	2658
13678	81	2658
17658	171	28604
17658	171	18724
17658	171	28678
3049	81	5778
3049	81	4700
3049	81	4686
3049	81	9634
20778	171	18049
19700	171	18049
19686	171	18049
24634	171	18049
8807	40	2668
12054	53	2668
12054	40	2668
14898	40	2668
17668	173	23807
17668	168	27054
17668	173	27054
17668	173	29898
4799	162	2876
4799	34	6263
19799	190	17876
19799	190	21263
5211	34	1113
20211	190	16113
865	81	7805
13410	152	7805
22805	171	15865
28410	191	22805
9171	34	9787
24171	190	24787
9282	19	3683
9282	53	5639
9282	81	4801
18683	187	24282
20639	168	24282
19801	171	24282
12705	144	3688
18688	168	27705
6563	53	633
6563	81	320
6563	53	12224
6563	40	9116
6563	81	1219
15633	168	21563
15320	171	21563
27224	168	21563
24116	173	21563
16219	171	21563
7133	40	14208
7133	81	5367
29208	173	22133
20367	171	22133
13590	26	3773
18773	172	28590
924	53	486
15486	168	15924
5650	96	14088
29088	189	20650
773	81	12763
27763	171	15773
9841	40	6841
9841	53	6578
21841	173	24841
21578	168	24841
673	81	736
14769	81	736
2296	81	736
14187	81	736
3324	81	736
10204	81	736
2467	81	736
15736	171	15673
15736	171	29769
15736	171	17296
15736	171	29187
15736	171	18324
15736	171	25204
15736	171	17467
14148	81	5336
20336	171	29148
1980	81	9485
1980	40	10018
24485	171	16980
25018	173	16980
4285	34	604
4285	34	12867
4285	34	8938
19285	190	15604
19285	190	27867
19285	190	23938
8078	81	8148
23148	171	23078
6526	34	9412
6526	34	10433
21526	190	24412
21526	190	25433
7248	34	6071
7248	34	13734
22248	190	21071
22248	190	28734
6926	34	6820
6926	112	595
21926	190	21820
21926	184	15595
1961	112	14077
16961	184	29077
14049	40	9807
8816	40	9807
6136	40	9807
14827	70	9807
158	40	9807
1286	40	9807
13078	40	9807
14026	40	9807
24807	173	29049
24807	173	23816
24807	173	21136
24807	174	29827
24807	173	15158
24807	173	16286
24807	173	28078
24807	173	29026
2634	34	3870
17634	190	18870
8177	19	2008
8177	40	4863
17008	187	23177
19863	173	23177
855	53	13679
855	53	2494
28679	168	15855
17494	168	15855
12720	53	3908
14523	53	3908
14407	13	3908
1391	53	3908
6899	53	3908
18908	168	27720
18908	168	29523
29407	189	18908
18908	168	16391
18908	168	21899
1316	81	13761
1316	19	13112
1316	81	1115
1316	81	4545
28761	171	16316
28112	187	16316
16115	171	16316
19545	171	16316
1853	34	7365
16853	190	22365
9521	34	12560
9521	34	8774
24521	190	27560
24521	190	23774
10198	53	7324
22324	168	25198
495	81	6128
3474	81	6128
21128	171	18474
21128	171	18474
7837	81	2294
17294	171	22837
1143	40	3105
1143	81	973
1143	81	12763
18105	173	16143
15973	171	16143
27763	171	16143
9747	19	308
9747	40	10497
15308	187	24747
25497	173	24747
3721	81	8611
3721	81	5014
23611	171	18721
20014	171	18721
267	162	8634
267	34	5933
267	34	1682
15267	190	23634
15267	190	20933
15267	190	16682
5087	34	8862
5087	34	2498
20087	190	23862
20087	190	17498
1209	81	1488
7109	81	1488
10331	81	1488
502	81	1488
12046	81	1488
13045	81	1488
6051	81	1488
2322	81	1488
16488	171	16209
16488	171	22109
16488	171	25331
16488	171	15502
16488	171	27046
16488	171	28045
16488	171	21051
16488	171	17322
9356	81	3524
3724	81	3524
18524	171	24356
18524	171	18724
7658	34	3031
7658	34	13402
22658	190	18031
22658	190	28402
2352	81	3008
2352	53	5859
2352	40	5859
18008	171	17352
20859	168	17352
20859	173	17352
12327	81	9322
240	81	9322
13163	81	9322
4346	81	9322
24322	171	27327
24322	171	15240
24322	171	28163
24322	171	19346
12961	112	3891
3891	87	9705
12981	35	3891
8394	112	3891
27961	184	18891
18891	165	24705
27981	165	18891
23394	184	18891
4698	129	9749
24749	168	19698
6705	53	12617
27617	168	21705
9616	34	10212
9616	112	13525
24616	190	25212
24616	184	28525
9152	81	14775
9152	81	14756
9152	40	7235
29775	171	24152
29756	171	24152
22235	173	24152
9909	34	12075
9909	34	10087
24909	190	27075
24909	190	25087
9852	81	1645
9852	53	7333
9852	40	10175
16645	171	24852
22333	168	24852
25175	173	24852
6615	81	7571
5402	81	7571
22571	171	21615
22571	171	20402
5028	81	8406
5028	26	12680
5028	19	2915
5028	81	1542
23406	171	20028
27680	172	20028
17915	187	20028
16542	171	20028
2166	81	7135
2166	81	10499
2166	81	3650
22135	171	17166
25499	171	17166
18650	171	17166
5750	81	12376
5750	81	14712
5750	81	13330
27376	171	20750
29712	171	20750
28330	171	20750
3935	129	3000
3935	129	1168
3935	79	9950
3935	129	14440
3935	129	6375
3935	40	86
3935	129	3045
18000	168	18935
16168	168	18935
16168	168	18935
29440	168	18935
21375	168	18935
18045	168	18935
18045	168	18935
13825	34	8929
28825	190	23929
2225	81	6170
2783	81	6170
6249	81	6170
13566	81	6170
21170	171	17225
21170	171	17783
21170	171	21249
21170	171	28566
5113	53	9914
5113	53	8849
17677	168	20113
23849	168	20113
1409	81	14372
1409	81	6945
1409	81	3241
29372	171	16409
21945	171	16409
18241	171	16409
1092	81	7992
22992	171	16092
6136	81	3537
6136	19	377
6136	81	1096
6136	40	9807
6136	81	14421
18537	171	21136
15377	187	21136
16096	171	21136
24807	173	21136
29421	171	21136
1185	34	10168
1185	34	12418
16185	190	25168
16185	190	27418
2397	81	12593
2397	40	8908
2397	53	2339
2397	26	6582
27593	171	17397
23908	173	17397
17339	168	17397
21582	172	17397
5248	81	1779
14199	81	1779
3184	81	1779
8854	81	1779
16779	171	20248
16779	171	29199
16779	171	18184
16779	171	23854
5093	81	13095
5093	53	7834
28095	171	20093
22834	168	20093
14396	152	3818
3818	59	7019
12519	40	3818
12519	53	3818
8074	53	3818
29396	191	18818
18818	174	22019
18818	173	27519
18818	168	27519
18818	168	23074
6513	81	6845
2049	81	6845
6845	152	4537
8880	81	6845
5200	81	6845
12044	81	6845
3407	81	6845
4074	81	6845
21845	171	21513
21845	171	17049
19537	191	21845
21845	171	23880
21845	171	19074
21845	171	27044
21845	171	18407
21845	171	19074
7880	34	7897
22880	190	22897
1350	40	3715
5158	40	3715
1538	40	3715
18715	173	16350
18715	173	20158
18715	173	16538
14607	81	3278
2223	81	3278
7119	81	3278
2790	81	3278
18278	171	29607
18278	171	17223
18278	171	22119
18278	171	17790
12267	87	3355
27267	165	18355
2183	40	8364
23364	173	17183
8483	162	1446
10461	34	1446
23483	190	16446
25461	190	16446
9547	81	14884
9547	81	1557
29884	171	24547
16557	171	24547
8324	34	1456
23324	190	16456
12544	40	4394
19394	173	27544
4289	81	9324
7899	40	9324
3581	40	9324
9324	112	5938
14316	40	9324
4402	40	9324
24324	171	19289
24324	173	22899
24324	173	18581
24324	184	20938
24324	173	29316
24324	173	19402
2424	40	5371
20371	173	17424
814	34	13734
15814	190	28734
13585	53	3081
3820	40	3081
3107	53	3081
14342	144	3081
18081	168	28585
18081	173	18820
18081	168	18107
18081	168	29342
3924	81	14601
29601	171	18924
13577	40	2607
8477	40	2607
14811	40	2607
9087	40	2607
5891	40	2607
4450	40	2607
17607	173	28577
17607	173	23477
17607	173	29811
17607	173	24087
17607	173	20891
17607	173	19450
489	112	14985
10163	81	489
8905	81	489
1742	81	489
15489	184	29985
15489	171	25163
15489	171	23905
15489	171	16742
6426	128	4064
6426	112	6231
21426	185	19064
21426	184	21231
8584	26	3044
9592	26	3044
5815	26	3044
12623	26	3044
2259	26	3044
18044	172	23584
18044	172	24592
18044	172	20815
18044	172	27623
18044	172	17259
13702	26	5247
1798	26	5247
6334	26	5247
20247	172	28702
20247	172	16798
20247	172	21334
13570	81	806
12723	81	806
3138	81	806
15806	171	28570
15806	171	27723
15806	171	18138
150	128	12949
15150	185	27949
7348	26	7308
7348	81	392
7348	81	13674
22308	172	22348
15392	171	22348
28674	171	22348
6709	53	2925
17925	168	21709
10056	26	5185
13665	26	5185
2936	26	5185
13886	26	5185
20185	172	25056
20185	172	28665
20185	172	17936
20185	172	28886
7040	81	14896
7040	81	248
7040	81	937
7040	81	7539
29896	171	22040
15248	171	22040
15937	171	22040
22539	171	22040
4941	81	9204
4941	129	8834
24204	171	19941
23834	168	19941
8418	81	2843
8418	81	4165
17843	171	23418
19165	171	23418
6815	34	13266
6815	34	5710
21815	190	28266
21815	190	20710
6830	81	7928
22928	171	21830
10416	34	328
10416	34	1305
10416	34	6047
25416	190	15328
25416	190	16305
25416	190	21047
5356	53	400
4000	53	400
5513	53	400
15400	168	20356
15400	168	19000
15400	168	20513
7851	53	8124
7851	40	8124
1977	53	8124
1977	40	8124
23124	168	22851
23124	173	22851
23124	168	16977
23124	173	16977
3060	34	7095
5034	34	7095
18060	190	22095
20034	190	22095
12873	34	2456
13150	34	2456
27873	190	17456
28150	190	17456
128	34	9836
128	34	3531
15128	190	24836
15128	190	18531
2108	40	13996
28996	187	17108
2140	40	14216
2140	26	2966
29216	173	17140
17966	172	17140
9015	112	8536
9015	34	12958
24015	184	23536
24015	190	27958
1260	81	8607
1260	81	3542
23607	171	16260
18542	171	16260
1426	81	12070
1426	81	6222
27070	171	16426
21222	171	16426
6618	70	12397
27397	174	21618
2944	81	8660
2944	81	12726
23660	171	17944
27726	171	17944
1616	81	9883
1616	26	5081
1616	81	2206
24883	171	16616
20081	172	16616
17206	171	16616
782	31	6469
21469	168	15782
5425	81	4414
3720	81	4414
3336	81	4414
9699	81	4414
8061	81	4414
12392	81	4414
12426	81	4414
13214	13	4414
4567	81	4414
13359	81	4414
7891	81	4414
8250	81	4414
19414	171	20425
19414	171	18720
19414	171	18336
19414	171	24699
19414	171	23061
19414	171	27392
19414	171	27426
28214	189	19414
19414	171	19567
19414	171	28359
19414	171	22891
19414	171	23250
14173	81	9344
13772	81	9344
4945	81	9344
24344	171	29173
24344	171	28772
24344	171	19945
13917	57	432
15432	168	28917
9410	81	1106
9410	26	3087
9410	81	1817
9410	19	7594
16106	171	24410
18087	172	24410
16817	171	24410
22594	187	24410
13436	53	10060
2639	53	10060
25060	168	28436
25060	168	17639
8693	81	8743
8693	81	220
8693	81	6221
8693	81	12682
23743	171	23693
15220	171	23693
21221	171	23693
27682	171	23693
5909	81	9310
5909	81	4672
5909	81	4142
24310	171	20909
19672	171	20909
19142	171	20909
12387	34	3232
27387	190	18232
3474	81	6128
3474	81	534
3474	81	5562
21128	171	18474
15534	171	18474
20562	171	18474
9652	81	813
14068	81	813
840	81	813
5360	13	813
2317	81	813
12046	81	813
7927	81	813
15813	171	24652
15813	171	29068
15813	171	15840
20360	189	15813
15813	171	17317
15813	171	27046
15813	171	22927
7325	14	1241
22325	180	16241
8589	57	13357
8589	53	9957
28357	168	23589
24957	168	23589
1869	81	4672
1869	40	2547
1869	81	4222
19672	171	16869
17547	173	16869
19222	171	16869
1541	81	7928
1541	81	13545
1541	81	13901
22928	171	16541
28545	171	16541
28901	171	16541
1404	34	10482
1404	34	637
1404	112	13675
1404	34	14558
1404	34	13781
1404	34	1682
16404	190	25482
16404	190	15637
16404	184	28675
16404	190	29558
16404	190	28781
16404	190	16682
103	26	14500
103	26	10072
29500	172	15103
25072	172	15103
14846	81	5634
824	81	5634
14028	81	5634
4026	81	5634
20634	171	29846
20634	171	15824
20634	171	29028
20634	171	19026
8995	81	6016
2223	81	6016
7993	81	6016
21016	171	23995
21016	171	17223
21016	171	22993
1114	19	3683
1114	26	6582
18683	187	16114
21582	172	16114
1687	40	8632
1687	26	9273
23632	173	16687
24273	172	16687
4948	81	3091
797	81	3091
4810	81	3091
18091	171	19948
18091	171	15797
18091	171	19810
13484	19	6927
6239	19	6927
1919	19	6927
5671	19	6927
2037	19	6927
21927	187	28484
21927	187	21239
21927	187	16919
21927	187	20671
21927	187	17037
13457	81	7800
14051	81	7800
6670	81	7800
12382	81	7800
13916	81	7800
14499	81	7800
2618	81	7800
22800	171	28457
22800	171	29051
22800	171	21670
22800	171	27382
22800	171	28916
22800	171	29499
22800	171	17618
3189	34	12706
18189	190	27706
1120	81	8743
1120	81	4203
23743	171	16120
19203	171	16120
2241	53	9266
14568	144	9266
4475	144	9266
8143	144	9266
9231	53	9266
24266	168	17241
24266	168	29568
24266	168	19475
24266	168	23143
24266	168	24231
1819	34	3858
9398	34	3858
16819	190	18858
24398	190	18858
404	81	565
7633	81	565
7024	81	565
5101	81	565
13260	81	565
903	81	565
7655	81	565
9487	81	565
8419	81	565
1282	81	565
15565	171	15404
15565	171	22633
15565	171	22024
15565	171	20101
15565	171	28260
15565	171	15903
15565	171	22655
15565	171	24487
15565	171	23419
15565	171	16282
10410	112	9952
3987	26	10410
13218	26	10410
25410	179	24952
25410	172	18987
25410	172	28218
5270	144	12864
5270	57	6261
27864	168	20270
21261	168	20270
9373	81	7523
9373	81	973
9373	81	7246
22523	171	24373
15973	171	24373
22246	171	24373
3704	81	5179
1411	40	5179
3466	40	5179
20179	171	18704
20179	173	16411
20179	173	18466
3433	19	104
3433	81	12668
3433	81	6712
15104	187	18433
27668	171	18433
21712	171	18433
5957	81	9431
5957	81	14133
24431	171	20957
29133	171	20957
179	26	1427
179	81	4201
16427	172	15179
19201	171	15179
8869	81	540
8457	81	540
5536	81	540
14840	81	540
566	81	540
12901	81	540
15540	171	23869
15540	171	23457
15540	171	20536
15540	171	29840
15540	171	15566
15540	171	27901
6804	53	3000
12880	53	3000
13368	53	3000
8299	53	3000
4263	53	3000
7583	53	3000
3935	129	3000
3447	40	3000
3455	53	3000
6629	53	3000
18000	168	21804
18000	168	27880
18000	168	28368
18000	168	23299
18000	168	19263
18000	168	22583
18000	168	18935
18000	173	18447
18000	168	18455
18000	168	21629
4698	129	9749
24749	168	19698
8405	40	14379
8405	81	3209
29379	173	23405
18209	171	23405
6671	81	5539
10110	81	5539
20539	171	21671
20539	171	25110
12331	26	5516
4112	26	5516
2469	26	5516
20516	172	27331
20516	172	19112
20516	172	17469
1063	19	7841
1063	81	2553
1063	81	5370
22841	187	16063
17553	171	16063
20370	171	16063
8382	26	4730
8382	53	2435
8382	81	3126
19730	172	23382
17435	168	23382
18126	171	23382
7473	26	8872
7473	81	10444
23872	172	22473
25444	171	22473
6304	26	7529
9588	26	7529
22529	172	21304
22529	172	24588
4393	128	14574
4393	44	12610
19393	185	29574
19393	175	27610
5416	34	825
5416	34	7036
5416	34	1113
20416	190	15825
20416	190	22036
20416	190	16113
5073	34	12051
5073	34	6445
20073	190	27051
20073	190	21445
6477	34	1023
6477	34	4087
21477	190	16023
21477	190	19087
5252	81	13057
5252	26	8784
5252	53	8155
5252	40	5451
5252	81	3538
28057	171	20252
23784	172	20252
23155	168	20252
23155	168	20252
18538	171	20252
344	40	13922
344	81	1219
344	19	603
344	40	1661
28922	173	15344
16219	171	15344
15603	187	15344
16661	173	15344
6416	40	12554
6416	26	1786
27554	173	21416
16786	172	21416
1470	34	6253
1470	34	37
16470	190	21253
16470	190	15037
7132	81	5776
7132	40	8967
7132	26	7625
20776	171	22132
23967	173	22132
22625	172	22132
6632	34	6263
21632	190	21263
9714	26	4018
9714	40	9890
19018	172	24714
24890	173	24714
12312	87	4519
27312	165	19519
8791	81	13463
8791	81	4979
28463	171	23791
19979	171	23791
12604	87	1380
5663	87	1380
13717	87	1380
2769	87	1380
27604	165	16380
20663	165	16380
28717	165	16380
20663	165	16380
1272	53	12393
1272	40	3922
27393	168	16272
18922	173	16272
10113	34	9796
10113	34	12051
10113	34	4513
10113	34	13176
25113	190	24796
25113	190	27051
25113	190	19513
25113	190	28176
4829	81	4809
13253	81	4809
2679	81	4809
10090	40	4809
19809	171	19829
19809	171	28253
19809	171	17679
19809	173	25090
3417	81	9455
3417	81	13819
24455	171	18417
28819	171	18417
12195	53	2885
3504	53	2885
2909	53	2885
8506	53	2885
17885	168	27195
17885	168	18504
17885	168	17909
17885	168	23506
477	53	1082
16082	168	15477
9580	81	7536
9580	81	1115
9580	40	5070
22536	171	24580
16115	171	24580
20070	173	24580
12884	57	9176
14652	53	9176
745	81	9176
24176	168	27884
24176	168	29652
24176	171	15745
8714	81	7686
1161	81	7686
5990	81	7686
5678	81	7686
478	81	7686
13372	81	7686
71	81	7686
9379	81	7686
578	81	7686
22686	171	23714
22686	171	16161
22686	171	20990
22686	171	20678
22686	171	15478
22686	171	28372
22686	171	15071
22686	171	24379
22686	171	15578
5221	81	3533
4866	81	3533
18533	171	20221
18533	171	19866
9091	81	14699
9091	81	13105
29699	171	24091
28105	171	24091
9309	40	311
9309	81	10458
15311	173	24309
25458	171	24309
779	34	12569
779	34	14302
15779	190	27569
15779	190	29302
3521	34	2536
3521	34	8572
3521	34	10454
18521	190	17536
18521	190	23572
18521	190	25454
8884	40	10067
12998	40	10067
25067	173	23884
25067	173	27998
5311	53	13167
28167	168	20311
6596	26	593
8816	26	593
3162	26	593
15593	172	18162
15593	172	23816
15593	172	18162
14873	34	3966
12133	34	3966
1455	34	3966
29873	190	18966
27133	190	18966
16455	190	18966
3825	34	14219
3825	34	12703
18825	190	29219
18825	190	27703
8999	34	3979
23999	190	18979
6552	53	4478
19478	168	21552
2482	81	645
15645	171	17482
14551	57	9220
24220	168	29551
6435	81	5167
6435	81	6009
6435	26	6582
20167	171	21435
21009	171	21435
21582	172	21435
6641	19	308
6641	40	10497
6641	26	9774
15308	187	21641
25497	173	21641
24774	172	21641
535	81	12644
535	81	12355
27644	171	15535
27355	171	15535
12039	57	10040
25040	168	27039
13381	40	5477
20477	173	28381
9117	81	9405
4257	81	9405
14278	81	9405
24405	171	19257
24405	171	19257
24405	171	29278
2003	53	2890
2003	81	13306
2003	26	1786
17890	168	17003
28306	171	17003
16786	172	17003
13732	26	5156
1697	26	5156
13731	26	5156
1095	26	5156
7242	26	5156
20156	172	28732
20156	172	16697
20156	172	28731
20156	172	22242
20156	172	22242
510	81	5652
510	81	7151
20652	171	15510
22151	171	15510
14492	81	2558
8630	81	2558
17558	171	29492
17558	171	23630
12228	81	1932
16932	171	27228
14982	57	3875
18875	168	29982
5308	26	13225
5308	26	9938
5308	81	4545
5308	81	3141
28225	172	20308
24938	172	20308
19545	171	20308
18141	171	20308
1056	81	12113
1056	81	350
27113	171	16056
15350	171	16056
10064	81	3473
10064	26	9590
18473	171	25064
24590	172	25064
8721	34	5659
8721	112	3257
23721	190	20659
23721	184	18257
2111	81	4066
2111	81	9497
2111	53	6706
19066	171	17111
24497	171	17111
21706	168	17111
13241	22	3737
3737	146	10481
28241	170	18737
18737	192	25481
6580	26	5464
10267	26	5464
14804	26	5464
12386	26	5464
20464	172	21580
20464	172	25267
20464	172	29804
20464	172	27386
4063	81	892
4063	81	14419
15892	171	19063
29419	171	19063
1142	40	13997
1142	81	14510
1142	26	12422
1142	19	807
1142	81	1187
28997	173	16142
29510	171	16142
27422	172	16142
15807	187	16142
16187	171	16142
9595	81	14057
9595	81	9540
9595	81	8892
9595	81	3538
29057	171	24595
24540	171	24595
23892	171	24595
18538	171	24595
14591	81	4345
5373	81	4345
19345	171	29591
19345	171	20373
567	81	8092
12980	81	8092
4825	81	8092
14026	81	8092
23092	171	15567
23092	171	27980
23092	171	19825
23092	171	29026
6443	14	1766
7223	112	1766
5895	112	1766
10302	112	1766
21443	180	16766
22223	184	16766
20895	184	16766
25302	184	16766
7113	81	7354
10488	81	7354
12317	81	7354
6447	81	7354
1175	81	7354
22354	171	16175
22354	171	25488
22354	171	27317
22354	171	22113
22354	171	22113
1166	53	5606
20606	168	16166
838	97	14380
29380	168	15838
8860	87	7260
8860	87	858
23860	165	22260
23860	165	15858
12004	81	2581
8185	81	2581
17581	171	27004
17581	171	23185
10203	26	1761
4118	26	1761
16761	172	25203
16761	172	19118
8451	57	12417
27417	168	23451
12954	57	6743
21743	168	27954
14487	53	5197
2909	53	5197
20197	168	29487
20197	168	17909
13669	26	5191
7056	26	5191
8303	26	5191
20191	172	28669
20191	172	22056
20191	172	23303
10037	26	5915
10037	81	10498
20915	172	25037
25498	171	25037
5586	81	14244
5586	81	9828
29244	171	20586
24828	171	20586
1769	34	14772
16769	190	29772
5150	81	10039
5150	81	4093
5150	81	12921
5150	81	7409
25039	171	20150
19093	171	20150
27921	171	20150
22409	171	20150
2986	40	13922
2986	53	5426
28922	173	17986
20426	168	17986
3286	34	964
18286	190	15964
14905	19	8194
9280	152	8194
4299	19	8194
1003	19	8194
12795	19	8194
3356	19	8194
13292	19	8194
3536	19	8194
12581	19	8194
23194	187	29905
23194	191	24280
23194	187	19299
23194	187	16003
23194	187	27795
23194	187	18356
23194	187	28292
23194	187	18356
23194	187	27581
5920	34	4741
14353	34	4741
5152	34	4741
20920	190	19741
29353	190	19741
20152	190	19741
9000	53	10348
9000	53	14158
9000	53	304
23882	168	24000
29158	168	24000
25348	168	24000
7557	81	7536
7557	81	4801
22536	171	22557
19801	171	22557
9760	34	1682
24760	190	16682
7445	34	6676
8278	34	6676
22445	190	21676
23278	190	21676
13336	59	3406
5421	53	3406
6989	53	3406
14334	40	3406
5660	53	3406
9895	40	3406
28336	174	18406
18406	168	20421
18406	168	21989
18406	173	29334
18406	168	20660
18406	173	24895
3521	34	2536
2521	34	2536
9464	34	2536
8491	34	2536
7117	34	2536
5422	34	2536
5269	34	2536
5353	34	2536
1801	34	2536
2652	34	2536
12535	34	2536
2874	34	2536
7669	34	2536
9072	34	2536
4915	34	2536
18521	190	17536
17521	190	17536
24464	190	17536
23491	190	17536
22117	190	17536
20422	190	17536
20269	190	17536
24464	190	17536
24464	190	17536
17652	190	17536
27535	190	17536
24464	190	17536
22669	190	17536
20269	190	17536
19915	190	17536
14520	81	5562
3981	81	5562
6237	81	5562
6126	81	5562
13766	81	5562
4567	81	5562
13183	81	5562
5418	81	5562
3474	81	5562
20562	171	29520
20562	171	18981
20562	171	21237
20562	171	21126
20562	171	28766
20562	171	19567
20562	171	28183
20562	171	20418
20562	171	18474
10112	19	6401
10112	40	13997
10112	81	4781
10112	81	2999
10112	81	9319
21401	187	25112
28997	173	25112
19781	171	25112
17999	171	25112
24319	171	25112
1308	81	8769
1308	81	8400
1308	40	9116
1308	81	12527
1308	81	7667
23769	171	16308
23400	171	16308
24116	173	16308
27527	171	16308
22667	171	16308
1648	40	13756
1648	81	3739
1648	81	8087
1648	81	12384
28756	173	16648
18739	171	16648
23087	171	16648
27384	171	16648
9298	26	12925
27925	172	24298
7521	53	12138
7521	19	5914
27138	168	22521
20914	187	22521
6462	40	12534
6462	26	12680
6462	81	14805
6462	81	2110
27534	173	21462
27680	172	21462
29805	171	21462
17110	171	21462
2296	81	736
2296	81	3085
15736	171	17296
18085	171	17296
2265	81	2799
2265	81	4241
2265	81	5636
2265	81	7239
17799	171	17265
19241	171	17265
20636	171	17265
22239	171	17265
6534	34	6297
21534	190	21297
9786	129	4348
9786	129	12602
19348	168	24786
27602	168	24786
1491	14	9952
16491	179	24952
2071	81	2094
2071	40	10018
2071	26	1706
17094	171	17071
25018	173	17071
16706	172	17071
8975	112	14163
8975	34	8651
23975	184	29163
23975	190	23651
4094	81	469
4094	81	8270
15469	171	19094
23270	171	19094
6824	34	6219
12663	34	6219
21824	190	21219
27663	190	21219
5967	40	1301
16301	173	20967
12020	34	5214
1858	34	5214
3613	34	5214
9566	34	5214
10170	34	5214
27020	190	20214
16858	190	20214
18613	190	20214
24566	190	20214
25170	190	20214
8619	53	14705
8619	81	9049
8619	81	6741
29705	168	23619
24049	171	23619
21741	171	23619
4002	34	14869
19002	190	29869
1254	26	729
8290	26	729
15729	172	16254
15729	172	23290
7629	34	6820
7629	34	9258
22629	190	21820
22629	190	24258
9323	81	13095
28095	171	24323
3638	81	5902
20902	171	18638
2835	34	1550
7457	34	1550
2261	34	1550
17835	190	16550
22457	190	16550
17261	190	16550
91	81	2635
91	40	14781
17635	171	15091
29781	173	15091
1386	81	5993
1386	81	5206
20993	171	16386
20206	171	16386
13399	53	1393
16393	168	28399
12591	49	754
12477	96	754
15754	189	27591
15754	189	27477
9161	40	13414
9161	26	14166
28414	173	24161
29166	172	24161
2960	81	8558
13669	81	8558
23558	171	17960
23558	171	28669
13055	59	1234
28055	174	16234
3963	53	5646
14684	53	5646
527	53	5646
14191	53	5646
7299	53	5646
12901	53	5646
8546	53	5646
20646	168	18963
20646	168	29684
20646	168	15527
20646	168	29191
20646	168	15527
20646	168	27901
20646	168	23546
12217	81	10045
1251	81	10045
25045	171	27217
25045	171	16251
5317	53	3541
5317	40	3541
6118	144	3541
18541	168	20317
18541	173	20317
18541	168	21118
7807	81	13472
7807	81	1875
28472	171	22807
16875	171	22807
9333	81	13896
9333	53	14705
9333	40	9593
9333	26	4730
28896	171	24333
29705	168	24333
24593	173	24333
19730	172	24333
12525	144	7047
4444	53	7047
1217	144	7047
9315	144	7047
22047	168	27525
22047	168	19444
22047	168	16217
22047	168	24315
488	81	8660
488	26	7195
23660	171	15488
22195	172	15488
5386	81	10100
5386	81	12738
25100	171	20386
27738	171	20386
9399	40	6568
9399	26	13547
9399	81	4578
21568	173	24399
28547	172	24399
19578	171	24399
4380	81	6344
4380	81	7355
21344	171	19380
22355	171	19380
4521	26	10476
4521	81	3956
25476	172	19521
18956	171	19521
9148	34	2466
12013	34	2466
24148	190	17466
27013	190	17466
19	81	13120
19	40	14070
28120	171	15019
29070	173	15019
2329	34	3301
7057	34	3301
13082	34	3301
118	34	3301
10074	34	3301
17329	190	18301
22057	190	18301
28082	190	18301
15118	190	18301
25074	190	18301
8171	34	3594
23171	190	18594
8266	53	12406
8266	40	12406
27406	168	23266
27406	173	23266
4651	112	5432
19651	184	20432
12858	40	9805
2337	40	9805
2689	40	9805
13800	40	9805
5579	40	9805
8331	40	9805
8742	40	9805
6502	40	9805
1947	40	9805
861	40	9805
13562	40	9805
13806	40	9805
6298	40	9805
24805	173	27858
24805	173	17337
24805	173	17689
24805	173	28800
24805	173	20579
24805	173	23331
24805	173	23742
24805	173	21502
24805	173	16947
24805	173	15861
24805	173	28562
24805	173	28806
24805	173	21298
3881	81	3473
3881	26	14849
18473	171	18881
29849	172	18881
4619	81	8438
4619	81	14712
4619	81	4474
23438	171	19619
29712	171	19619
19474	171	19619
309	40	10120
309	81	13124
25120	173	15309
28124	171	15309
3937	34	7268
3937	34	12706
18937	190	22268
18937	190	27706
7943	81	7670
7943	81	8406
22670	171	22943
23406	171	22943
214	26	10476
214	19	12335
214	40	13022
214	40	10298
25476	172	15214
27335	187	15214
28022	173	15214
25298	173	15214
5279	34	8720
5279	34	1162
20279	190	23720
20279	190	16162
13972	70	3242
5700	70	3242
253	59	3242
18242	174	28972
18242	174	20700
15253	174	18242
801	81	8476
801	26	13663
23476	171	15801
28663	172	15801
6008	34	12660
21008	190	27660
4630	81	12341
27341	171	19630
135	40	4353
135	19	4353
135	38	4353
135	81	10440
135	81	7437
135	40	7019
135	81	2254
135	81	10149
19353	187	15135
19353	168	15135
19353	173	15135
25440	171	15135
22437	171	15135
22019	173	15135
17254	171	15135
25149	171	15135
4661	34	4013
4661	34	13402
19661	190	19013
19661	190	28402
3769	34	5495
18769	190	20495
10151	26	7048
10151	19	104
22048	172	25151
15104	187	25151
1366	81	1117
1366	81	4931
16117	171	16366
19931	171	16366
13121	87	5483
28121	165	20483
5101	40	13997
5101	81	565
5101	26	8439
5101	81	12398
28997	173	20101
15565	171	20101
23439	172	20101
27398	171	20101
6518	81	4139
6518	40	2694
6518	26	7148
6518	81	4995
6518	81	9395
19139	171	21518
17694	173	21518
22148	172	21518
19995	171	21518
24395	171	21518
5106	40	14513
5106	26	2487
5106	81	6933
29513	173	20106
17487	172	20106
21933	171	20106
9917	53	4524
9917	144	14327
9917	57	374
19524	168	24917
29327	168	24917
15374	168	24917
6132	81	4128
19128	171	21132
1969	40	9593
1969	81	9326
1969	19	13726
1969	26	778
24593	173	16969
24326	171	16969
28726	187	16969
15778	172	16969
9333	26	4730
1828	26	4730
6660	26	4730
545	26	4730
13377	26	4730
656	26	4730
8816	26	4730
4701	26	4730
3448	26	4730
8382	26	4730
3414	26	4730
14187	26	4730
6629	26	4730
19730	172	24333
19730	172	16828
19730	172	21660
19730	172	15545
19730	172	28377
19730	172	15656
19730	172	23816
19730	172	19701
19730	172	18448
19730	172	23382
19730	172	18414
19730	172	29187
19730	172	21629
13787	87	4968
13366	87	4968
28787	165	19968
28366	165	19968
242	40	12905
242	53	12905
27905	173	15242
27905	168	15242
8824	86	13464
23824	165	28464
388	40	14070
388	81	2852
388	81	902
29070	173	15388
17852	171	15388
15902	171	15388
7820	81	7070
8991	81	7070
1482	81	7070
22070	171	22820
22070	171	23991
22070	171	16482
3716	26	7048
3289	26	7048
12968	26	7048
9895	26	7048
10151	26	7048
7955	26	7048
22048	172	18716
22048	172	18289
22048	172	27968
22048	172	24895
22048	172	25151
22048	172	22955
6551	81	12921
6551	26	2193
27921	171	21551
17193	172	21551
752	34	13152
15752	190	28152
8717	26	3570
8717	81	14343
8717	40	9287
8717	81	10342
18570	172	23717
29343	171	23717
24287	173	23717
25342	171	23717
2987	81	13410
2987	81	14001
2987	53	9782
28410	171	17987
29001	171	17987
24782	168	17987
12684	144	5692
20692	168	27684
12434	112	3350
27434	184	18350
2584	81	7369
2584	81	12682
22369	171	17584
27682	171	17584
676	53	14596
676	81	13287
676	81	3694
29596	168	15676
28287	171	15676
18694	171	15676
740	112	4827
3114	112	4827
15740	184	19827
18114	184	19827
4811	81	3676
4811	81	13803
4811	81	534
18676	171	19811
28803	171	19811
15534	171	19811
14567	87	6037
29567	165	21037
13329	34	7704
14102	34	7704
28329	190	22704
29102	190	22704
9840	19	8562
13560	19	8562
2410	19	8562
23562	187	24840
23562	187	28560
23562	187	17410
426	26	10297
25297	172	15426
5255	26	14348
5255	40	14029
29348	172	20255
29029	173	20255
1920	81	1605
1920	81	13773
16605	171	16920
28773	171	16920
9358	57	13505
28505	168	24358
12440	112	615
615	87	8657
4859	14	615
27440	184	15615
15615	165	23657
19859	180	15615
8492	57	12695
27695	168	23492
12751	86	9064
3553	86	9064
14466	87	9064
27751	165	24064
18553	165	24064
29466	165	24064
12528	81	5236
7306	81	5236
1084	81	5236
4943	81	5236
14346	81	5236
20236	171	27528
20236	171	22306
20236	171	16084
20236	171	19943
20236	171	29346
5431	34	3531
20431	190	18531
6532	81	3369
6532	81	1035
6532	81	2934
6532	81	1135
6532	81	4487
18369	171	21532
16035	171	21532
17934	171	21532
16135	171	21532
19487	171	21532
1180	40	1661
1180	53	1041
16661	173	16180
16041	168	16180
2783	40	14204
2783	81	5993
2783	81	6170
29204	173	17783
20993	171	17783
21170	171	17783
14337	106	7165
14534	106	7165
29337	190	22165
29534	190	22165
5671	26	5480
5671	81	2592
5671	81	3958
5671	81	8476
5671	19	6927
20480	172	20671
17592	171	20671
18958	171	20671
23476	171	20671
21927	187	20671
14897	13	5130
2578	81	5130
29897	189	20130
20130	171	17578
4660	19	807
4660	81	13444
4660	19	6011
15807	187	19660
28444	171	19660
21011	187	19660
639	112	13691
639	34	10105
639	34	4470
15639	184	28691
15639	190	25105
15639	190	19470
5663	87	1380
13717	87	5663
20663	165	16380
28717	165	20663
869	40	305
9793	53	305
9793	40	305
15305	173	15869
15305	168	24793
15305	173	24793
9688	81	5031
5031	112	5447
425	81	5031
20031	171	24688
20031	184	20447
20031	171	15425
10316	112	6272
14886	86	6272
2294	112	6272
25316	184	21272
29886	165	21272
17294	184	21272
156	34	13010
15156	190	28010
375	34	12646
375	34	870
15375	190	27646
15375	190	15870
4772	26	6277
13378	26	6277
8392	26	6277
3064	26	6277
14408	26	6277
3846	26	6277
6092	26	6277
3004	26	6277
3055	26	6277
13879	26	6277
9082	26	6277
21277	172	19772
21277	172	28378
21277	172	23392
21277	172	18064
21277	172	29408
21277	172	18846
21277	172	21092
21277	172	18004
21277	172	18055
21277	172	28879
21277	172	24082
14907	81	5809
6604	81	5809
1411	81	5809
20809	171	29907
20809	171	21604
20809	171	16411
8189	34	4087
8189	34	7742
23189	190	19087
23189	190	22742
6894	53	2620
6894	53	12953
17620	168	21894
27953	168	21894
1122	53	9612
1122	53	2494
24612	168	16122
17494	168	16122
344	19	603
6997	19	603
14154	19	603
15603	187	15344
15603	187	21997
15603	187	29154
14904	81	4813
19813	171	29904
6153	81	775
6153	81	9979
6153	40	13146
15775	171	21153
24979	171	21153
28146	173	21153
4429	112	14802
6459	40	4429
909	40	4429
981	40	4429
19429	184	29802
19429	173	21459
19429	173	15909
19429	173	15981
6756	34	6253
2253	34	6253
2982	34	6253
1470	34	6253
13982	34	6253
7932	34	6253
13807	34	6253
6965	34	6253
21756	190	21253
17253	190	21253
17982	190	21253
16470	190	21253
28982	190	21253
22932	190	21253
28807	190	21253
21965	190	21253
1847	81	5704
1847	81	14156
1847	81	10365
20704	171	16847
29156	171	16847
25365	171	16847
6056	40	851
6056	81	1096
6056	81	3741
6056	81	13301
6056	81	13410
15851	173	21056
16096	171	21056
18741	171	21056
28301	171	21056
28410	171	21056
10181	53	2155
17155	168	25181
4946	81	14721
4946	19	12762
29721	171	19946
27762	187	19946
12209	26	9478
4107	26	9478
2349	26	9478
2637	26	9478
4726	26	9478
3037	26	9478
1407	26	9478
9478	112	6116
24478	172	27209
24478	172	19107
24478	172	17349
24478	172	17637
24478	172	19726
24478	172	18037
24478	172	16407
24478	168	21214
2873	34	9836
2873	34	8821
17873	190	24836
17873	190	23821
8196	81	6919
5361	81	6919
1697	81	6919
4016	81	6919
6360	81	6919
966	81	6919
14710	81	6919
21919	171	23196
21919	171	20361
21919	171	16697
21919	171	19016
21919	171	21360
21919	171	15966
21919	171	29710
8173	81	3951
8173	81	3223
8173	81	12546
18951	171	23173
18223	171	23173
27546	171	23173
5265	34	7036
8257	34	7036
5416	34	7036
2477	34	7036
12811	34	7036
12294	34	7036
8735	34	7036
1186	162	7036
20265	190	22036
23257	190	22036
20416	190	22036
17477	190	22036
27811	190	22036
27294	190	22036
23735	190	22036
16186	190	22036
1170	34	4087
16170	190	19087
9424	81	13056
28056	171	24424
9118	81	2999
9118	81	9413
17999	171	24118
24413	171	24118
12770	26	5667
20667	172	27770
9604	81	8660
9604	26	163
23660	171	24604
15163	172	24604
13553	146	7362
28553	177	22362
13125	57	732
15732	168	28125
14193	81	2075
6817	81	2075
9792	53	2075
12125	81	2075
4638	40	2075
4215	40	2075
17075	171	29193
17075	171	21817
17075	171	24792
17075	171	27125
17075	173	19638
17075	173	19215
5203	34	10027
5226	34	10027
7746	34	10027
20203	190	25027
20226	190	25027
22746	190	25027
12257	81	660
8395	81	660
10275	81	660
12142	81	660
15660	171	27257
15660	171	23395
15660	171	25275
15660	171	27142
4637	81	12073
4637	26	12691
4637	81	7519
27073	171	19637
27691	172	19637
22519	171	19637
8241	34	422
23241	190	15422
5133	81	4614
8954	81	4614
19614	171	20133
19614	171	23954
5789	34	3723
5789	34	870
20789	190	18723
20789	190	15870
8900	81	8532
8593	81	8532
7745	81	8532
8333	81	8532
14860	81	8532
14810	81	8532
23532	171	23900
23532	171	23593
23532	171	22745
23532	171	23333
23532	171	29860
23532	171	29810
5365	81	6363
5365	40	12110
5365	53	12110
21363	171	20365
27110	173	20365
27110	168	20365
998	53	13336
998	40	1000
998	53	13679
28336	168	15998
16000	173	15998
28679	168	15998
2515	40	12953
2515	19	14838
27953	173	17515
29838	187	17515
3567	34	10023
18567	190	25023
2016	34	9329
13458	34	9329
329	34	9329
7723	162	9329
5996	34	9329
8799	34	9329
9666	34	9329
15329	190	24329
28458	190	24329
22723	190	24329
22723	190	24329
20996	190	24329
23799	190	24329
24666	190	24329
761	34	7541
15761	190	22541
7059	81	0
7059	19	2001
15000	171	22059
17001	187	22059
815	81	8783
815	81	8438
23783	171	15815
23438	171	15815
3470	34	13999
3470	34	3763
18470	190	28999
18470	190	18763
567	81	14897
567	26	13225
567	81	8092
567	19	3599
567	53	12995
29897	171	15567
28225	172	15567
23092	171	15567
18599	187	15567
27995	168	15567
13180	34	393
1871	34	393
28180	190	15393
16871	190	15393
8596	81	9395
10029	81	9395
5549	81	9395
6518	81	9395
6615	81	9395
258	81	9395
24395	171	23596
24395	171	25029
24395	171	20549
24395	171	21518
24395	171	21615
24395	171	15258
6941	26	12908
6941	19	12454
6941	81	1050
6941	81	1378
27908	172	21941
27454	187	21941
16050	171	21941
16378	171	21941
5260	34	2698
2217	34	2698
20260	190	17698
17217	190	17698
4603	112	12226
4603	34	6062
19603	184	27226
19603	190	21062
3484	40	8339
1625	40	8339
1625	53	8339
23339	173	21940
23339	173	16625
23339	168	16625
257	81	6096
257	81	8563
21096	171	15257
23563	171	15257
9035	81	4461
9035	40	7122
19461	171	24035
22122	173	24035
2428	81	14372
2428	81	3580
2428	81	693
29372	171	17428
18580	171	17428
15693	171	17428
14593	81	7383
8678	81	7383
22383	171	29593
22383	171	23678
4103	81	13549
4103	81	2348
4103	81	4685
28549	171	19103
17348	171	19103
19685	171	19103
7493	34	9711
22493	190	24711
7870	53	692
692	14	3113
12769	53	692
2115	53	692
3523	53	692
9147	53	692
10479	131	692
8664	53	692
965	53	692
15692	168	23489
15692	168	23489
15692	168	27769
15692	168	23489
15692	168	23489
15692	168	24147
15692	168	23489
15692	168	23489
15692	168	23489
3233	26	8872
7473	26	8872
6792	26	8872
6304	26	8872
10387	26	8872
5189	26	8872
101	26	8872
23872	172	18233
23872	172	22473
23872	172	21792
23872	172	21304
23872	172	25387
23872	172	20189
23872	172	15101
5898	26	2244
5898	19	6362
17244	172	20898
21362	187	20898
13233	81	1031
12001	81	1031
5968	81	1031
847	53	1031
16031	171	28233
16031	171	27001
16031	171	20968
16031	168	15847
4726	53	7603
4726	19	2755
4726	26	9478
22603	168	19726
17755	187	19726
24478	172	19726
9512	81	1936
16936	171	24512
8619	81	6741
14562	81	6741
21741	171	23619
21741	171	29562
9159	40	6512
6512	152	2406
21512	173	24159
21512	191	17406
12635	34	6603
27635	190	21603
4772	26	5948
5948	14	6484
9401	26	5948
13378	26	5948
14387	26	5948
3064	26	5948
14408	26	5948
13581	26	5948
3846	26	5948
6092	26	5948
3004	26	5948
3055	26	5948
821	26	5948
9082	26	5948
20948	172	19772
20948	180	21484
20948	172	24401
20948	172	28378
20948	172	29387
20948	172	18064
20948	172	29408
20948	172	28581
20948	172	18846
20948	172	21092
20948	172	18004
20948	172	18055
20948	172	15821
20948	172	24082
14836	81	1691
14228	81	1691
2368	81	1691
4584	81	1691
3872	81	1691
10163	81	1691
16691	171	29836
16691	171	29228
16691	171	17368
16691	171	19584
16691	171	18872
16691	171	25163
3419	97	13602
28602	168	18419
2952	81	9120
9120	152	14663
24120	171	17952
24120	191	29663
14049	19	377
3808	19	377
6136	19	377
9469	19	377
6093	19	377
13368	19	377
10135	19	377
15377	187	29049
15377	187	18808
15377	187	21136
15377	187	24469
15377	187	21093
15377	187	28368
15377	187	25135
7088	81	14265
7088	81	4721
29265	171	22088
19721	171	22088
10204	53	12953
10204	81	736
10204	81	1072
10204	81	8400
10204	40	5070
10204	81	783
10204	40	9447
10204	81	3538
27953	168	25204
15736	171	25204
16072	171	25204
23400	171	25204
20070	173	25204
15783	171	25204
24447	173	25204
18538	171	25204
4532	112	5297
19532	184	20297
13583	34	8846
4386	34	8846
28583	190	23846
19386	190	23846
8891	26	6837
8891	81	14918
21837	172	23891
29918	171	23891
7332	81	2630
4283	81	2630
5194	81	2630
7941	81	2630
2630	152	4842
17630	171	22332
17630	171	19283
17630	171	20194
17630	171	22941
19842	191	17630
14591	81	9013
8309	81	9013
24013	171	29591
24013	171	23309
4562	34	12144
4562	34	7747
19562	190	27144
19562	190	22747
5428	57	8820
3947	57	8820
23820	168	20428
23820	168	18947
2207	81	12016
2207	19	6573
2207	81	7545
27016	171	17207
21573	187	17207
22545	171	17207
7117	34	2536
7117	34	8304
22117	190	17536
22117	190	23304
3720	81	5544
3720	81	4414
20544	171	18720
19414	171	18720
10331	81	7313
10331	81	1488
10331	53	9884
10331	40	9884
10331	81	8431
10331	81	3770
22313	171	25331
16488	171	25331
24884	168	25331
24884	173	25331
23431	171	25331
18770	171	25331
10290	81	8468
10290	81	6215
10290	81	4781
23468	171	25290
21215	171	25290
19781	171	25290
5407	81	536
5407	40	10491
15536	171	20407
25491	173	20407
7796	13	1020
7171	81	1020
1183	81	1020
14037	81	1020
906	81	1020
22796	189	16020
16020	171	22171
16020	171	16183
16020	171	29037
16020	171	15906
9837	81	3676
9837	53	7019
9837	40	7019
9837	53	4353
9837	40	4353
18676	171	24837
22019	168	24837
22019	173	24837
19353	168	24837
19353	173	24837
5699	81	4609
10426	81	4609
19609	171	20699
19609	171	25426
4102	144	14325
29325	168	19102
1410	81	12401
1410	53	7314
27401	171	16410
22314	168	16410
14778	81	3206
18206	171	29778
1276	40	6841
1276	81	8102
21841	173	16276
23102	171	16276
13276	53	8545
23545	168	28276
5585	40	6841
5585	81	12671
5585	81	3416
5585	81	7667
21841	173	20585
27671	171	20585
18416	171	20585
22667	171	20585
1063	81	2553
7245	81	2553
17553	171	16063
17553	171	22245
13939	40	9447
9225	40	9447
2107	40	9447
5814	40	9447
10204	40	9447
9271	40	9447
5775	40	9447
12197	40	9447
13091	40	9447
1586	40	9447
24447	173	28939
24447	173	24225
24447	173	17107
24447	173	20814
24447	173	25204
24447	173	24271
24447	173	20775
24447	173	27197
24447	173	28091
24447	173	16586
6528	81	4423
6528	40	2535
6528	81	14861
19423	171	21528
17535	173	21528
29861	171	21528
6669	81	14048
6669	81	1807
6669	19	13252
29048	171	21669
16807	171	21669
28252	187	21669
2327	81	7279
353	81	7279
2039	81	7279
22279	171	17327
22279	171	15353
22279	171	17039
6454	34	13987
21454	190	28987
968	34	3864
5342	34	3864
15968	190	18864
20342	190	18864
2128	112	9952
2128	34	3039
17128	179	24952
17128	190	18039
4015	34	13089
19015	190	28089
12064	40	2292
2240	40	2292
8327	40	2292
4158	40	2292
17292	173	27064
17292	173	17240
17292	173	23327
17292	173	19158
8636	40	9669
24669	173	23636
4796	34	7268
4796	34	13734
19796	190	22268
19796	190	28734
4810	26	12908
4810	81	3091
4810	81	2277
4810	81	14042
27908	172	19810
18091	171	19810
17277	171	19810
29042	171	19810
5035	81	4309
19309	171	20035
6610	40	14781
6610	53	1438
29781	173	21610
16438	168	21610
14105	34	3031
7367	34	3031
898	34	3031
7707	34	3031
12637	34	3031
7658	34	3031
29105	190	18031
15898	190	18031
15898	190	18031
22707	190	18031
27637	190	18031
22658	190	18031
3960	19	6110
8185	19	6110
21110	187	18960
21110	187	23185
13204	53	10080
25080	168	28204
12965	96	2066
6163	40	2066
3207	40	2066
618	40	2066
17066	189	27965
17066	173	21163
17066	173	18207
17066	173	15618
5696	40	5099
12599	40	5099
14520	40	5099
20099	173	20696
20099	173	27599
20099	173	29520
13859	81	7593
6192	81	7593
6167	81	7593
7413	81	7593
22593	171	28859
22593	171	21192
22593	171	21167
22593	171	21192
1028	81	8892
2107	81	8892
9595	81	8892
7861	81	8892
8370	81	8892
23892	171	16028
23892	171	17107
23892	171	24595
23892	171	22861
23892	171	23370
13324	87	5065
14594	87	5065
28324	165	20065
29594	165	20065
1742	81	13933
1742	81	12420
1742	81	489
28933	171	16742
27420	171	16742
15489	171	16742
5381	81	6964
5381	81	13803
5381	81	8973
5381	26	13646
5381	19	3327
5381	81	7715
21964	171	20381
28803	171	20381
23973	171	20381
28646	172	20381
18327	187	20381
22715	171	20381
1583	81	7620
3604	81	7620
5971	81	7620
2870	81	7620
22620	171	16583
22620	171	18604
22620	171	20971
22620	171	17870
2065	57	12645
27645	168	17065
4210	40	412
4210	26	1912
4210	81	14720
15412	173	19210
16912	172	19210
29720	171	19210
5024	53	4431
9625	53	4431
9128	53	4431
12064	53	4431
19431	168	20024
19431	168	24625
19431	168	24128
19431	168	27064
9288	40	9862
24862	173	24288
3746	34	8862
5689	34	8862
2696	162	8862
1200	34	8862
9755	34	8862
13661	34	8862
13550	34	8862
1329	34	8862
13622	162	8862
14301	162	8862
9303	34	8862
6414	162	8862
5087	34	8862
14951	34	8862
7761	34	8862
18746	190	23862
20689	190	23862
17696	190	23862
16200	190	23862
24755	190	23862
28661	190	23862
28550	190	23862
24303	190	23862
28622	190	23862
29301	190	23862
17696	190	23862
17696	190	23862
20087	190	23862
29951	190	23862
24303	190	23862
6323	81	12614
6323	81	8150
27614	171	21323
23150	171	21323
4317	57	5752
4317	57	2289
17289	168	19317
17289	168	19317
9569	81	5467
9569	81	14042
20467	171	24569
29042	171	24569
3846	81	12813
3846	26	6277
3846	26	5948
3846	81	9799
3846	81	9507
27813	171	18846
21277	172	18846
20948	172	18846
24799	171	18846
24507	171	18846
8305	81	13522
8305	81	7091
8305	81	9669
28522	171	23305
22091	171	23305
24669	171	23305
657	81	587
13449	81	587
502	81	587
12630	81	587
2343	81	587
12675	81	587
1331	81	587
4298	81	587
15587	171	15657
15587	171	28449
15587	171	15502
15587	171	27630
15587	171	17343
15587	171	27675
15587	171	16331
15587	171	19298
9442	44	13512
9442	112	13512
24442	184	28512
24442	175	28512
13983	34	5892
13698	34	5892
4471	34	5892
6922	34	5892
28983	190	20892
28698	190	20892
19471	190	20892
21922	190	20892
7474	81	9669
7474	81	2854
24669	171	22474
17854	171	22474
5494	81	7192
22192	171	20494
12955	40	4225
8661	40	4225
4358	40	4225
19225	173	27955
19225	173	23661
19225	173	19358
7538	81	7513
2632	81	7513
9440	81	7513
22513	171	22538
22513	171	17632
22513	171	24440
7244	34	10346
5298	34	10346
22244	190	25346
20298	190	25346
13193	19	3469
6691	19	3469
640	19	3469
624	19	3469
877	19	3469
5148	19	3469
13130	19	3469
2469	19	3469
8858	19	3469
18469	187	28193
18469	187	21691
18469	187	15640
18469	187	15624
18469	187	15877
18469	187	20148
18469	187	28130
18469	187	17469
18469	187	23858
1363	81	5704
1363	81	8317
1363	81	2934
1363	81	8087
1363	81	12402
20704	171	16363
23317	171	16363
17934	171	16363
23087	171	16363
27402	171	16363
4742	112	1876
4742	34	3531
19742	184	16876
19742	190	18531
2337	81	1278
14992	81	1278
5579	81	1278
1501	81	1278
3414	81	1278
6732	81	1278
8287	81	1278
250	81	1278
16278	171	17337
16278	171	29992
16278	171	20579
16278	171	16501
16278	171	18414
16278	171	21732
16278	171	23287
16278	171	15250
6527	19	3075
6527	19	3815
6527	40	5531
6527	81	14927
18075	187	21527
18815	187	21527
20531	173	21527
29927	171	21527
6282	81	13875
6282	40	5769
28875	171	21282
20769	173	21282
4021	34	13531
19021	190	28531
4882	34	6790
5068	34	6790
13964	34	6790
13826	34	6790
413	34	6790
7566	34	6790
9902	34	6790
14021	34	6790
5638	34	6790
6745	34	6790
3565	34	6790
1900	34	6790
5783	34	6790
13738	34	6790
6186	34	6790
3114	34	6790
2336	34	6790
894	34	6790
16	34	6790
16900	190	21790
20068	190	21790
28964	190	21790
28826	190	21790
15413	190	21790
22566	190	21790
24902	190	21790
29021	190	21790
16900	190	21790
21745	190	21790
18565	190	21790
16900	190	21790
20783	190	21790
28738	190	21790
21186	190	21790
18114	190	21790
17336	190	21790
15894	190	21790
17336	190	21790
9269	81	2110
7181	81	2110
6462	81	2110
17110	171	24269
17110	171	22181
17110	171	21462
3238	112	12344
18238	184	27344
4725	87	13804
4725	87	12455
19725	165	28804
19725	165	27455
9869	81	2682
9869	81	4922
17682	171	24869
19922	171	24869
5293	40	14919
5293	81	3241
5293	26	5742
29919	173	20293
18241	171	20293
20742	172	20293
6511	40	1088
16088	173	21511
7028	53	8564
7028	40	12898
23564	168	22028
27898	173	22028
7002	19	807
7002	81	13444
7002	81	2277
7002	81	8150
15807	187	22002
28444	171	22002
17277	171	22002
23150	171	22002
2928	81	3471
561	81	3471
18471	171	17928
18471	171	15561
913	40	4863
8177	40	4863
13769	40	4863
270	40	4863
12060	53	4863
12060	40	4863
8003	102	4863
14218	40	4863
19863	173	15913
19863	173	23177
19863	173	28769
19863	173	15270
19863	168	27060
19863	173	27060
19863	173	23003
19863	173	29218
8977	26	6562
14736	26	6562
1224	26	6562
7277	26	6562
7971	26	6562
21562	172	23977
21562	172	29736
21562	172	16224
21562	172	22277
21562	172	22971
4852	40	13075
4852	53	13075
4852	81	7779
28075	173	19852
28075	168	19852
22779	171	19852
944	34	13837
15944	190	28837
5465	34	3782
1981	34	3782
3819	34	3782
13159	34	3782
4090	34	3782
20465	190	18782
16981	190	18782
18819	190	18782
28159	190	18782
19090	190	18782
3865	26	5348
724	26	5348
8513	26	5348
20348	172	23513
20348	172	15724
20348	172	23513
3787	34	7897
3787	34	9754
18787	190	22897
18787	190	24754
878	34	1320
878	34	14561
15878	190	16320
15878	190	29561
435	57	6958
21958	168	15435
14240	135	8829
23829	165	29240
3037	19	4322
10166	19	4322
10268	19	4322
12181	19	4322
2554	19	4322
19322	187	18037
19322	187	25166
19322	187	25268
19322	187	27181
19322	187	17554
1764	34	1726
2477	162	1726
16764	190	16726
17477	190	16726
14856	14	2524
2524	71	12441
29856	180	17524
17524	165	27441
2080	53	2927
273	53	2927
40	53	2927
13371	53	2927
10222	53	2927
6650	53	2927
13292	53	2927
13532	53	2927
7711	53	2927
3781	53	2927
69	53	2927
4746	53	2927
17927	168	15040
17927	168	15273
17927	168	15040
17927	168	28371
17927	168	25222
17927	168	21650
17927	168	28292
17927	168	28532
17927	168	22711
17927	168	18781
17927	168	15069
17927	168	19746
5613	81	8076
5613	40	9021
5613	40	13922
23076	171	20613
24021	173	20613
28922	173	20613
4108	97	1461
4108	97	9450
16461	168	19108
24450	168	19108
13796	81	1196
16196	171	28796
9449	112	8226
2633	112	8226
13026	112	8226
1838	85	8226
17633	184	23226
17633	184	23226
28026	184	23226
16838	165	23226
5275	81	14452
29452	171	20275
180	34	1064
180	34	10105
15180	190	16064
15180	190	25105
2754	40	6531
2754	81	3566
21531	187	17754
18566	171	17754
1989	26	8790
13765	144	8790
5296	26	8790
13184	26	8790
1099	26	8790
5709	26	8790
13006	26	8790
2012	144	8790
12755	53	8790
5391	26	8790
8790	112	13927
554	26	8790
7811	26	8790
7393	144	8790
23790	172	16989
23790	168	28765
23790	172	20296
23790	172	28184
23790	172	16099
23790	172	20709
23790	172	28006
23790	168	17012
23790	168	27755
23790	172	20391
23790	179	28927
23790	172	16989
23790	172	22811
23790	168	17012
5899	81	12917
5899	40	137
5899	26	1706
27917	171	20899
15137	173	20899
16706	172	20899
1485	81	7843
22843	171	16485
3993	81	4452
7323	81	4452
1353	81	4452
19452	171	18993
19452	171	22323
19452	171	16353
3006	34	8821
3006	34	13734
18006	190	23821
18006	190	28734
7789	34	12550
22789	190	27550
987	144	6784
987	53	10107
987	53	12154
21784	168	15987
25107	168	15987
27154	168	15987
9440	81	13465
9440	40	93
9440	81	7513
28465	171	24440
15093	173	24440
22513	171	24440
2373	53	1701
2373	53	13851
2373	53	1323
2373	40	12406
16701	168	17373
28851	168	17373
16323	168	17373
27406	173	17373
3640	26	1564
3640	81	12355
16564	172	18640
27355	171	18640
14112	40	6853
6639	40	6853
21853	173	29112
21853	173	21639
3283	26	4727
13986	26	4727
19727	172	18283
19727	172	28986
13880	81	2239
7109	81	2239
5466	81	2239
17239	171	28880
17239	171	22109
17239	171	20466
4297	81	9916
4297	19	4842
24916	171	19297
19842	187	19297
1466	26	3590
18590	172	16466
3755	43	13447
3755	43	13310
18755	190	28447
18755	190	28310
3431	19	14414
3431	81	4606
3431	81	7403
3431	81	8406
29414	187	18431
19606	171	18431
22403	171	18431
23406	171	18431
7887	81	424
7887	53	3169
7887	26	1487
15424	171	22887
18169	168	22887
16487	172	22887
6639	26	14544
6639	40	6853
29544	172	21639
21853	173	21639
12674	34	1075
10461	34	1075
7426	34	1075
27674	190	16075
25461	190	16075
22426	190	16075
1919	81	3879
1919	26	5081
1919	19	6927
18879	171	16919
20081	172	16919
21927	187	16919
7518	34	13248
22518	190	28248
6173	34	7044
6173	34	1112
21173	190	22044
21173	190	16112
2905	81	3676
2905	81	7075
18676	171	17905
22075	171	17905
1665	24	12846
1665	128	14698
1665	128	6834
16665	190	27846
16665	185	29698
16665	185	21834
9823	81	9723
4232	81	9723
3955	81	9723
10082	81	9723
24723	171	24823
24723	171	19232
24723	171	18955
24723	171	25082
4704	34	10454
19704	190	25454
2792	151	8937
23937	168	20721
2467	81	6607
13400	81	6607
2844	81	6607
6131	81	6607
1370	81	6607
21607	171	17467
21607	171	28400
21607	171	17844
21607	171	21131
21607	171	16370
2263	26	5376
2263	81	13339
20376	172	17263
28339	171	17263
1107	34	825
3385	34	825
14209	34	825
5416	34	825
5904	34	825
1760	34	825
9651	34	825
16107	190	15825
18385	190	15825
29209	190	15825
20416	190	15825
20904	190	15825
16760	190	15825
24651	190	15825
2540	81	12325
2540	81	2249
2540	40	12745
27325	171	17540
17249	171	17540
27745	173	17540
4028	81	856
856	96	1187
15856	171	19028
16187	189	15856
12356	19	6889
5361	19	6889
1697	19	6889
3344	40	6889
12301	19	6889
3447	19	6889
1474	19	6889
21889	187	27356
21889	187	20361
21889	187	16697
21889	173	18344
21889	187	27301
21889	187	18447
21889	187	16474
904	34	14806
15904	190	29806
2879	34	541
17879	190	15541
13331	40	10438
2032	40	10438
6411	40	10438
13810	40	10438
25438	173	28331
25438	173	17032
25438	173	21411
25438	173	28810
10135	19	377
10135	81	1096
10135	26	1706
10135	81	13301
10135	81	8274
15377	187	25135
16096	171	25135
16706	172	25135
28301	171	25135
23274	171	25135
6421	81	4448
19448	171	21421
14936	132	4242
14984	26	4242
14280	53	4242
14268	132	4242
4242	152	13884
19242	168	29936
19242	172	29984
19242	168	29280
19242	168	29268
28884	191	19242
2477	34	7036
2477	34	1113
2477	162	1726
17477	190	22036
17477	190	16113
17477	190	16726
5549	81	4062
5549	81	9395
5549	81	8482
19062	171	20549
24395	171	20549
23482	171	20549
4037	81	12073
27073	171	19037
7295	26	1912
16912	172	22295
4959	81	12239
4959	26	10301
4959	81	3879
4959	53	8015
27239	171	19959
25301	172	19959
18879	171	19959
23015	168	19959
12595	81	8523
10095	81	8523
13951	81	8523
4298	81	8523
23523	171	27595
23523	171	25095
23523	171	28951
23523	171	19298
8374	81	9190
9190	152	13441
2210	81	9190
24190	171	23374
28441	191	24190
24190	171	17210
9758	40	9116
9758	81	3209
9758	81	9862
24116	173	24758
18209	171	24758
24862	171	24758
664	87	12057
15664	165	27057
257	81	6096
3325	81	6096
7147	81	6096
7487	81	6096
12498	81	6096
21096	171	15257
21096	171	18325
21096	171	22147
21096	171	22487
21096	171	27498
1556	26	10476
1556	81	3956
1556	53	7676
25476	172	16556
18956	171	16556
22676	168	16556
2901	81	625
15625	171	17901
4459	34	8222
4459	34	3790
19459	190	23222
19459	190	18790
2278	34	14743
2278	34	891
17278	190	29743
17278	190	15891
7983	40	6910
7983	81	3793
7983	40	8698
21910	173	22983
18793	171	22983
23698	173	22983
8948	81	253
14817	81	253
5987	81	253
253	59	14124
3519	81	253
6691	81	253
253	59	3242
15253	171	23948
15253	171	29817
15253	171	20987
15253	174	29124
15253	171	18519
15253	171	21691
15253	174	18242
8378	81	8076
23076	171	23378
3693	34	7334
13694	34	7334
18693	190	22334
28694	190	22334
5098	152	14326
29326	191	20098
14617	57	4238
19238	168	29617
8679	81	13618
28618	171	23679
5183	81	14409
5183	81	9214
29409	171	20183
24214	171	20183
12629	81	7906
14230	81	7906
14098	81	7906
22906	171	27629
22906	171	29230
22906	171	29098
14811	81	6230
21230	171	29811
13371	81	2208
4349	81	2208
5222	81	2208
17208	171	28371
17208	171	19349
17208	171	20222
6638	112	4045
21638	184	19045
7623	57	9957
2571	57	9957
8589	53	9957
7543	57	9957
9631	151	9957
24957	168	22543
24957	168	17571
24957	168	23589
24957	168	22543
24957	168	17571
5696	40	5099
5696	26	3087
20099	173	20696
18087	172	20696
6745	34	6790
21745	190	21790
5775	19	6728
5775	81	12487
5775	40	9447
5775	81	2383
21728	187	20775
27487	171	20775
24447	173	20775
17383	171	20775
6586	40	12898
6586	19	13077
6586	53	3273
6586	81	350
27898	173	21586
28077	187	21586
18273	168	21586
15350	171	21586
6489	81	7411
14992	81	7411
7163	81	7411
5052	81	7411
8287	81	7411
8183	81	7411
22411	171	21489
22411	171	29992
22411	171	22163
22411	171	20052
22411	171	23287
22411	171	23183
3482	53	8632
3482	53	3273
23632	168	18482
18273	168	18482
1913	81	6111
6446	81	6111
21111	171	16913
21111	171	21446
1202	34	7268
1202	112	6265
16202	190	22268
16202	184	21265
850	13	14895
15850	189	29895
8646	34	8009
8646	34	4510
23646	190	23009
23646	190	19510
14132	81	9533
12411	81	9533
24533	171	29132
24533	171	27411
8593	81	8532
8593	81	14296
8593	40	4798
8593	81	3132
8593	26	6367
8593	81	12866
23532	171	23593
29296	171	23593
19798	173	23593
18132	171	23593
21367	172	23593
27866	171	23593
9512	81	1936
3259	81	1936
14253	81	1936
4235	81	1936
4347	81	1936
16936	171	24512
16936	171	18259
16936	171	29253
16936	171	19235
16936	171	19347
273	81	13235
273	53	2927
28235	171	15273
17927	168	15273
4560	112	9952
5597	81	4560
14512	81	4560
19560	179	24952
19560	171	20597
19560	171	29512
4759	19	14414
4759	40	13992
4759	26	10297
4759	81	4062
29414	187	19759
28992	173	19759
25297	172	19759
19062	171	19759
13275	81	500
5358	81	500
13702	81	500
1798	81	500
15500	171	28275
15500	171	20358
15500	171	28702
15500	171	16798
7124	81	769
7124	40	14473
15769	171	22124
29473	173	22124
12183	40	4319
13791	40	4319
14282	40	4319
19319	173	27183
19319	173	28791
19319	173	29282
6598	81	7256
6598	26	8686
22256	171	21598
23686	172	21598
8160	40	9445
10349	40	9445
5863	40	9445
8335	40	9445
13490	40	9445
24445	173	23160
24445	173	25349
24445	173	20863
24445	173	23335
24445	173	28490
3780	19	8949
23949	187	18780
9270	81	7003
9270	40	3535
22003	171	24270
18535	173	24270
14565	81	2758
2758	152	4035
8995	81	2758
507	81	2758
17758	171	29565
17758	191	19035
17758	171	23995
17758	171	15507
3893	81	4867
3893	81	4606
19867	171	18893
19606	171	18893
13683	40	5738
2600	40	5738
8011	40	5738
8859	40	5738
7862	40	5738
12830	40	5738
6151	40	5738
7685	40	5738
1642	40	5738
7498	26	5738
7498	40	5738
20738	173	28683
20738	173	17600
20738	173	23011
20738	173	23859
20738	173	22862
20738	173	27830
20738	173	21151
20738	173	22685
20738	173	16642
20738	172	22498
20738	173	22498
3891	87	9705
18891	165	24705
4107	81	7237
4208	81	7237
5971	81	7237
22237	171	19107
22237	171	19208
22237	171	20971
28	34	4861
6727	34	4861
15028	190	19861
21727	190	19861
3200	34	3940
3200	34	4928
18200	190	18940
18200	190	19928
6941	81	1050
14149	81	1050
2774	81	1050
16050	171	21941
16050	171	29149
16050	171	17774
3614	34	13261
18614	190	28261
4512	81	7289
4512	81	10446
22289	171	19512
25446	171	19512
2906	34	3054
2906	34	794
17906	190	18054
17906	190	15794
