57	50
44	147
155	11
57	20
80	12
185	170
184	189
72	34
97	151
13	131
123	57
120	2
95	55
39	11
114	72
163	14
53	20
60	81
53	155
85	87
0	45
5	24
96	81
124	143
93	151
151	96
72	125
152	53
81	104
4	73
49	71
185	179
182	165
23	9
72	41
87	44
55	71
89	73
144	39
112	95
58	72
168	179
112	53
102	56
2	12
11	114
112	11
9	161
89	63
11	72
161	87
55	49
4	48
155	144
99	114
163	73
185	180
59	40
81	123
144	120
186	179
57	151
97	56
20	89
152	81
97	155
165	173
39	57
73	55
112	86
72	147
18	72
99	4
188	165
26	56
155	97
191	168
53	0
25	37
53	151
171	189
48	123
61	87
93	131
128	163
112	24
99	123
94	152
48	81
11	39
35	34
81	133
120	49
57	152
179	186
91	44
44	37
77	81
180	189
53	69
4	99
45	40
23	140
128	72
56	96
63	53
190	166
24	9
145	42
112	35
77	133
68	87
102	151
120	108
46	163
112	57
56	53
48	114
14	72
12	72
94	8
69	26
11	50
151	57
26	155
26	96
117	161
184	165
11	131
165	185
189	172
96	144
154	71
190	179
72	16
65	152
133	81
53	131
166	190
20	8
12	93
137	120
73	89
129	45
12	44
23	130
108	120
123	48
104	40
44	49
87	161
151	44
62	4
112	81
33	86
23	86
158	72
157	118
35	72
85	94
191	173
69	123
102	155
81	77
120	96
94	141
68	128
112	134
9	46
151	81
2	94
99	116
8	53
65	36
20	125
26	72
68	23
72	82
134	13
179	183
112	114
180	176
69	48
165	171
26	151
189	190
112	72
104	53
190	189
11	151
72	30
112	46
170	192
155	99
101	4
129	99
151	112
40	13
144	69
99	151
35	87
157	105
56	48
171	191
72	115
86	71
46	128
131	144
112	147
46	9
117	146
20	141
72	89
186	184
108	110
185	165
44	39
80	130
14	24
81	20
13	134
184	186
108	4
65	73
180	165
48	56
123	131
71	55
165	190
76	130
112	37
87	112
44	91
28	17
173	174
30	130
45	81
80	91
152	131
0	42
4	131
48	116
88	151
104	81
87	68
35	162
63	72
151	93
110	45
163	95
65	40
81	13
179	171
71	44
165	167
26	131
73	9
2	23
11	155
17	112
99	133
128	22
106	72
40	152
152	19
72	97
39	123
53	129
19	152
155	4
123	69
68	161
151	48
179	176
56	112
131	53
9	23
72	51
120	13
69	53
2	153
49	55
95	163
72	144
190	184
152	116
72	25
68	71
49	9
146	59
112	162
177	191
124	130
99	144
152	0
55	13
78	130
53	45
12	86
134	112
102	104
152	38
144	131
44	12
91	140
57	155
179	185
11	56
94	36
9	24
48	45
14	23
72	58
120	20
174	168
39	53
63	8
56	93
154	87
40	96
12	25
165	179
96	134
97	8
26	4
173	179
14	35
134	81
71	86
89	4
149	72
2	87
40	59
179	190
8	4
128	86
45	129
81	147
8	141
146	121
28	117
72	158
24	13
151	26
38	13
72	7
187	191
165	188
168	165
112	39
128	152
56	57
191	187
151	97
120	86
102	26
49	110
108	73
4	72
95	9
2	72
44	24
23	14
151	53
71	16
90	94
179	173
14	130
20	81
26	108
163	46
91	86
183	179
72	14
73	128
153	125
53	116
189	168
71	161
13	14
56	81
128	121
24	58
87	130
173	165
123	11
73	17
124	12
55	24
153	137
53	56
14	87
46	55
173	191
81	72
86	87
128	14
112	131
131	11
57	39
34	35
94	144
63	89
44	23
179	178
71	128
114	99
65	89
72	140
184	176
72	53
151	40
4	123
13	144
71	158
128	112
38	152
81	48
26	59
137	20
20	53
9	72
38	96
63	120
172	189
25	72
72	112
176	184
4	62
36	94
22	128
152	40
81	134
155	53
75	72
189	192
81	152
144	155
80	143
144	20
57	131
34	14
87	25
146	22
55	112
72	2
53	96
17	96
96	152
56	69
94	86
91	112
121	128
82	72
112	56
99	155
94	120
63	97
171	179
191	188
9	91
137	110
155	20
120	81
86	91
99	97
130	30
56	26
112	151
72	93
20	137
81	118
81	145
140	72
152	94
72	35
184	190
86	23
99	45
71	140
17	71
189	179
55	73
72	9
53	105
71	51
165	186
189	173
73	4
44	87
26	13
94	89
163	49
95	71
88	155
134	96
71	103
73	112
88	56
22	146
58	49
128	9
89	53
53	39
131	4
20	144
85	154
85	33
155	57
24	112
53	72
175	189
14	128
72	135
89	72
104	144
53	114
45	53
110	125
99	56
130	71
65	120
168	174
121	146
151	11
78	12
89	141
173	189
20	40
123	99
166	176
112	12
147	72
44	130
68	135
56	40
48	69
59	53
144	99
81	96
95	112
2	65
59	144
13	81
163	72
81	131
55	46
9	49
124	91
72	81
17	49
71	130
151	147
131	57
55	95
46	112
90	65
4	101
112	87
48	151
170	185
154	72
48	0
155	96
161	117
191	171
81	71
65	141
87	86
147	81
4	155
65	4
13	112
55	9
172	191
146	70
72	114
49	112
91	9
130	154
40	56
96	53
151	69
179	189
87	61
144	157
94	40
71	30
4	108
63	141
186	165
49	44
128	73
56	97
72	4
53	110
13	24
147	112
14	39
46	71
178	179
147	86
53	50
131	123
93	155
56	147
17	9
91	14
63	73
87	58
81	151
110	137
153	86
179	168
26	152
13	55
48	133
94	53
155	88
72	11
63	144
165	184
99	53
189	171
87	14
93	87
112	91
24	55
11	152
49	17
53	152
73	108
112	49
166	165
40	151
53	59
57	56
144	72
112	23
130	23
65	8
69	155
125	110
23	44
95	117
125	72
72	44
49	94
128	71
28	72
4	120
175	165
192	189
44	72
18	76
58	87
99	0
65	144
152	144
48	97
14	91
112	161
72	103
153	20
176	175
152	63
77	97
20	153
154	130
116	42
81	120
71	81
95	24
93	56
144	152
81	155
72	57
12	2
23	112
17	73
2	147
112	73
44	71
94	73
161	17
53	99
18	71
110	108
123	4
35	112
152	96
111	112
71	87
77	0
53	13
23	68
81	69
18	130
14	68
57	44
93	23
46	14
94	4
77	116
69	151
53	88
31	72
63	40
65	86
118	59
71	24
69	56
179	165
130	87
114	112
11	20
20	73
190	165
155	69
152	65
57	105
120	137
188	191
94	90
0	53
155	123
14	37
177	170
44	114
167	165
78	143
11	123
9	95
176	179
87	71
65	53
69	144
24	71
49	65
128	44
78	91
99	81
152	72
123	155
12	14
57	114
165	166
120	144
81	56
146	156
14	86
117	28
46	24
144	96
81	99
56	11
11	44
116	45
65	90
85	23
96	17
57	123
162	35
165	175
192	191
72	26
144	50
45	66
93	72
85	91
171	165
11	105
9	73
25	39
81	66
114	48
166	180
87	85
56	44
53	44
20	155
73	71
97	89
20	120
185	191
72	59
134	26
4	97
16	71
165	168
48	4
81	42
118	81
168	191
5	117
89	97
12	112
57	72
162	14
128	130
