5548	24936
7461	26849
2612	22000
2355	21743
3494	22882
4624	24012
1546	20934
1861	21249
9131	28519
5592	24980
1619	21007
8275	27663
9908	29296
20	19408
4586	23974
6932	26320
9058	28446
3902	23290
7181	26569
5391	24779
5908	25296
7568	26956
4153	23541
6038	25426
2551	21939
945	20333
4976	24364
1122	20510
10123	29511
8270	27658
6292	25680
588	19976
5325	24713
658	20046
5158	24546
1736	21124
9659	29047
3239	22627
6380	25768
8940	28328
7914	27302
8827	28215
936	20324
4517	23905
4460	23848
390	19778
9644	29032
7388	26776
2014	21402
10042	29430
1665	21053
471	19859
2454	21842
7702	27090
9150	28538
5420	24808
10008	29396
7036	26424
9234	28622
1037	20425
3355	22743
1363	20751
6964	26352
881	20269
6653	26041
9418	28806
8126	27514
455	19843
10258	29646
7465	26853
3144	22532
9242	28630
6766	26154
4014	23402
9361	28749
305	19693
113	19501
5775	25163
1190	20578
7566	26954
1781	21169
9313	28701
2411	21799
2892	22280
780	20168
7891	27279
7963	27351
2391	21779
6356	25744
1566	20954
2964	22352
4305	23693
7446	26834
5851	25239
2251	21639
9439	28827
9640	29028
2222	21610
5997	25385
9008	28396
10067	29455
2275	21663
7027	26415
8091	27479
10235	29623
3842	23230
4529	23917
3875	23263
8165	27553
4832	24220
5959	25347
4049	23437
1540	20928
7820	27208
2471	21859
6459	25847
4973	24361
6233	25621
7708	27096
1769	21157
7686	27074
6969	26357
9516	28904
3910	23298
5868	25256
1584	20972
520	19908
4428	23816
4724	24112
6906	26294
6744	26132
1076	20464
5116	24504
5190	24578
8621	28009
2274	21662
10252	29640
10098	29486
895	20283
1214	20602
9656	29044
5211	24599
7298	26686
172	19560
6000	25388
8602	27990
9825	29213
9129	28517
9498	28886
9670	29058
6812	26200
6577	25965
3454	22842
1885	21273
1730	21118
6888	26276
3776	23164
200	19588
7517	26905
2496	21884
1094	20482
1855	21243
10249	29637
4837	24225
957	20345
7516	26904
9713	29101
7644	27032
6677	26065
9097	28485
8700	28088
9165	28553
4100	23488
4847	24235
9018	28406
4778	24166
7301	26689
2201	21589
7132	26520
10155	29543
9883	29271
7519	26907
4909	24297
9373	28761
4728	24116
9130	28518
106	19494
2528	21916
2951	22339
4402	23790
10065	29453
9347	28735
2232	21620
4895	24283
1636	21024
8451	27839
2487	21875
7918	27306
2654	22042
10101	29489
2637	22025
7798	27186
3410	22798
1242	20630
4860	24248
4322	23710
8466	27854
8184	27572
4899	24287
3897	23285
5005	24393
6180	25568
4891	24279
4749	24137
677	20065
3802	23190
6410	25798
8315	27703
239	19627
6985	26373
5855	25243
3083	22471
3561	22949
5357	24745
2357	21745
5943	25331
6209	25597
3123	22511
1162	20550
500	19888
2305	21693
255	19643
2878	22266
9839	29227
2371	21759
9176	28564
744	20132
358	19746
1847	21235
7890	27278
9198	28586
3409	22797
8108	27496
1	19389
718	20106
4411	23799
1827	21215
6319	25707
6718	26106
6670	26058
4007	23395
3359	22747
9467	28855
2839	22227
153	19541
3120	22508
6869	26257
416	19804
5328	24716
9633	29021
8978	28366
9438	28826
6922	26310
6995	26383
10281	29669
9571	28959
4694	24082
8762	28150
6289	25677
8353	27741
1669	21057
3307	22695
5914	25302
5939	25327
381	19769
1400	20788
3755	23143
8474	27862
2758	22146
9594	28982
10267	29655
5880	25268
2901	22289
8635	28023
4484	23872
1176	20564
3049	22437
5378	24766
9021	28409
2689	22077
3002	22390
3450	22838
8347	27735
439	19827
2401	21789
3119	22507
9206	28594
5055	24443
5085	24473
7147	26535
10122	29510
10416	29804
8656	28044
1120	20508
2620	22008
10370	29758
491	19879
7691	27079
7479	26867
8301	27689
1549	20937
7939	27327
9622	29010
533	19921
3294	22682
6016	25404
3295	22683
5335	24723
6877	26265
2127	21515
7747	27135
7439	26827
3055	22443
4626	24014
9179	28567
4844	24232
6883	26271
4409	23797
7337	26725
2330	21718
5383	24771
3638	23026
4347	23735
1248	20636
3706	23094
3272	22660
7424	26812
6946	26334
10046	29434
2751	22139
9542	28930
8314	27702
7645	27033
5018	24406
5427	24815
1813	21201
9031	28419
5272	24660
409	19797
6061	25449
3115	22503
2709	22097
1977	21365
9026	28414
8461	27849
3381	22769
7279	26667
3442	22830
7923	27311
4907	24295
754	20142
2562	21950
5396	24784
2326	21714
4946	24334
8519	27907
7619	27007
10084	29472
7422	26810
4339	23727
7135	26523
9500	28888
8580	27968
6317	25705
9851	29239
2264	21652
3643	23031
5087	24475
5549	24937
3271	22659
7421	26809
6378	25766
9859	29247
8045	27433
1897	21285
6640	26028
7501	26889
9808	29196
4498	23886
4294	23682
9502	28890
7506	26894
3244	22632
1365	20753
7218	26606
2388	21776
2511	21899
7831	27219
315	19703
7067	26455
5633	25021
9834	29222
3232	22620
10418	29806
3911	23299
5464	24852
9002	28390
9184	28572
4735	24123
567	19955
701	20089
1652	21040
1098	20486
7447	26835
9547	28935
5309	24697
7159	26547
8579	27967
6171	25559
5824	25212
8001	27389
5261	24649
997	20385
5542	24930
54	19442
4501	23889
5694	25082
9582	28970
9114	28502
930	20318
7638	27026
7242	26630
9511	28899
2313	21701
193	19581
418	19806
1471	20859
7178	26566
3831	23219
8740	28128
2859	22247
2799	22187
1218	20606
9079	28467
1533	20921
3466	22854
6681	26069
375	19763
1021	20409
4685	24073
8075	27463
4883	24271
6172	25560
8012	27400
8603	27991
3861	23249
5365	24753
114	19502
4482	23870
7970	27358
8662	28050
640	20028
9614	29002
5428	24816
8982	28370
5994	25382
1685	21073
596	19984
7412	26800
5870	25258
5935	25323
5217	24605
857	20245
7117	26505
4009	23397
8283	27671
5714	25102
7654	27042
9798	29186
2239	21627
6253	25641
7429	26817
7433	26821
6934	26322
2425	21813
5465	24853
9252	28640
3892	23280
10163	29551
10254	29642
2581	21969
815	20203
3100	22488
4856	24244
3373	22761
3481	22869
7314	26702
3025	22413
1493	20881
5093	24481
3827	23215
4936	24324
1916	21304
2960	22348
7146	26534
3279	22667
5437	24825
4878	24266
7646	27034
7221	26609
8858	28246
9847	29235
3680	23068
7416	26804
3160	22548
5033	24421
8850	28238
4013	23401
9303	28691
6967	26355
966	20354
9367	28755
8156	27544
5619	25007
5747	25135
3658	23046
8035	27423
6935	26323
10177	29565
9489	28877
698	20086
7915	27303
3197	22585
9646	29034
7329	26717
9849	29237
1325	20713
909	20297
2731	22119
2194	21582
7361	26749
7475	26863
9495	28883
4149	23537
6505	25893
884	20272
6850	26238
7766	27154
3434	22822
2051	21439
1998	21386
2616	22004
7214	26602
7871	27259
2093	21481
1591	20979
4255	23643
1461	20849
10071	29459
9107	28495
4032	23420
6828	26216
2366	21754
10197	29585
1616	21004
8930	28318
624	20012
10275	29663
2945	22333
8066	27454
3152	22540
7957	27345
5359	24747
6523	25911
4383	23771
4261	23649
5706	25094
7960	27348
9103	28491
8220	27608
124	19512
8606	27994
4629	24017
10077	29465
2351	21739
7304	26692
9534	28922
6434	25822
7064	26452
2524	21912
5528	24916
3804	23192
224	19612
3665	23053
3518	22906
821	20209
5956	25344
326	19714
5581	24969
905	20293
8002	27390
4576	23964
3108	22496
5353	24741
1436	20824
4669	24057
6248	25636
7435	26823
6068	25456
3762	23150
1709	21097
258	19646
8323	27711
3890	23278
3302	22690
370	19758
9324	28712
1729	21117
6428	25816
7127	26515
8794	28182
5206	24594
9318	28706
1150	20538
5286	24674
4186	23574
7773	27161
1693	21081
4247	23635
3285	22673
1377	20765
10015	29403
1932	21320
7119	26507
165	19553
4996	24384
3621	23009
4700	24088
1573	20961
2816	22204
3382	22770
625	20013
63	19451
6140	25528
7189	26577
2110	21498
2190	21578
7445	26833
9308	28696
10488	29876
9799	29187
6193	25581
3486	22874
7065	26453
8790	28178
6674	26062
7253	26641
5303	24691
6137	25525
9470	28858
5634	25022
2515	21903
4292	23680
3305	22693
4619	24007
171	19559
5911	25299
751	20139
3994	23382
7761	27149
8367	27755
2838	22226
2506	21894
1312	20700
7625	27013
1751	21139
7678	27066
3112	22500
5144	24532
8752	28140
8855	28243
6784	26172
1651	21039
8370	27758
4265	23653
8630	28018
7291	26679
5625	25013
5423	24811
6306	25694
9249	28637
3873	23261
7877	27265
964	20352
686	20074
9913	29301
7100	26488
7816	27204
4599	23987
6413	25801
9704	29092
2822	22210
5241	24629
2628	22016
3493	22881
10346	29734
8862	28250
6210	25598
1508	20896
7319	26707
3543	22931
6556	25944
5135	24523
1421	20809
9793	29181
8272	27660
5614	25002
1161	20549
5673	25061
6912	26300
3421	22809
6051	25439
211	19599
3964	23352
10115	29503
7703	27091
5338	24726
1172	20560
499	19887
7160	26548
179	19567
4928	24316
10391	29779
8617	28005
3782	23170
8197	27585
6733	26121
6756	26144
10097	29485
6484	25872
4164	23552
4776	24164
5139	24527
1195	20583
3692	23080
8899	28287
7845	27233
5376	24764
1820	21208
3436	22824
4794	24182
5764	25152
6183	25571
9777	29165
3913	23301
8157	27545
7377	26765
117	19505
5740	25128
2876	22264
3169	22557
8640	28028
3219	22607
10209	29597
3785	23173
7335	26723
639	20027
3707	23095
10109	29497
4011	23399
4546	23934
4483	23871
3022	22410
3653	23041
8871	28259
7554	26942
5165	24553
8724	28112
4165	23553
4621	24009
6970	26358
5374	24762
8717	28105
4731	24119
1753	21141
9304	28692
7095	26483
10408	29796
1690	21078
9086	28474
10207	29595
5600	24988
8379	27767
1606	20994
1220	20608
4112	23500
1039	20427
8765	28153
1206	20594
8749	28137
7643	27031
3879	23267
674	20062
4939	24327
2636	22024
3533	22921
1542	20930
5645	25033
8828	28216
2868	22256
1355	20743
9584	28972
288	19676
6865	26253
3369	22757
4627	24015
5813	25201
6547	25935
3713	23101
4432	23820
6499	25887
6296	25684
1103	20491
56	19444
534	19922
8918	28306
10081	29469
8152	27540
8061	27449
6815	26203
5748	25136
8839	28227
2413	21801
4260	23648
9696	29084
8279	27667
3966	23354
9478	28866
1169	20557
1596	20984
441	19829
983	20371
6947	26335
8757	28145
2618	22006
1246	20634
7742	27130
5658	25046
9135	28523
2532	21920
8149	27537
2256	21644
7154	26542
2331	21719
6340	25728
7066	26454
6033	25421
806	20194
4957	24345
4006	23394
9401	28789
3864	23252
2419	21807
7953	27341
1232	20620
3560	22948
6415	25803
1941	21329
7157	26545
8754	28142
1243	20631
600	19988
5887	25275
3416	22804
5552	24940
4874	24262
6703	26091
7870	27258
9623	29011
10068	29456
6384	25772
4551	23939
3064	22452
9014	28402
342	19730
9570	28958
3675	23063
3906	23294
4757	24145
4613	24001
2011	21399
1564	20952
2	19390
5876	25264
9267	28655
4384	23772
4998	24386
6868	26256
4212	23600
6844	26232
8727	28115
1631	21019
7922	27310
1177	20565
1419	20807
3979	23367
1450	20838
6470	25858
5146	24534
10167	29555
5184	24572
4447	23835
689	20077
6895	26283
4841	24229
6536	25924
8784	28172
4756	24144
4214	23602
2362	21750
8846	28234
1907	21295
1108	20496
1432	20820
38	19426
1569	20957
1313	20701
1590	20978
2727	22115
5649	25037
7943	27331
5978	25366
7395	26783
4368	23756
2474	21862
4654	24042
5147	24535
10020	29408
4512	23900
2446	21834
6245	25633
1749	21137
3014	22402
1144	20532
906	20294
401	19789
1131	20519
9878	29266
3592	22980
9778	29166
3923	23311
6661	26049
943	20331
2659	22047
10069	29457
5608	24996
3136	22524
6899	26287
6238	25626
7985	27373
2130	21518
3814	23202
4198	23586
3009	22397
10410	29798
3287	22675
5590	24978
3510	22898
9348	28736
2289	21677
7033	26421
6723	26111
9645	29033
8121	27509
4300	23688
4390	23778
190	19578
5615	25003
1735	21123
9671	29059
2229	21617
273	19661
923	20311
6395	25783
3110	22498
3868	23256
4047	23435
2368	21756
7307	26695
1889	21277
3724	23112
5097	24485
5923	25311
6819	26207
2134	21522
7231	26619
3704	23092
5191	24579
2375	21763
10025	29413
