2147	17147
5820	20820
682	15682
1498	16498
2076	17076
4674	19674
2354	17354
2235	17235
3015	18015
7024	22024
8993	23993
6017	21017
174	15174
5902	20902
4363	19363
3406	18406
6114	21114
6001	21001
9461	24461
8392	23392
1453	16453
1734	16734
8764	23764
1903	16903
807	15807
5772	20772
5664	20664
929	15929
5036	20036
6898	21898
3330	18330
9953	24953
7137	22137
3011	18011
9250	24250
2735	17735
6041	21041
3143	18143
1720	16720
806	15806
2120	17120
5979	20979
7624	22624
2626	17626
54	15054
9099	24099
1963	16963
5486	20486
5628	20628
3685	18685
4561	19561
9776	24776
5457	20457
2675	17675
941	15941
9145	24145
78	15078
4554	19554
6919	21919
2933	17933
628	15628
6521	21521
6660	21660
4525	19525
5932	20932
1322	16322
816	15816
950	15950
4014	19014
8654	23654
8596	23596
3167	18167
384	15384
10079	25079
5588	20588
277	15277
4905	19905
6870	21870
7206	22206
6995	21995
5360	20360
6786	21786
8667	23667
367	15367
6043	21043
8790	23790
6109	21109
6547	21547
8225	23225
4894	19894
9381	24381
5665	20665
6814	21814
6069	21069
7826	22826
6169	21169
296	15296
399	15399
5383	20383
6376	21376
9244	24244
5996	20996
4355	19355
9746	24746
7910	22910
6250	21250
8234	23234
9677	24677
7386	22386
136	15136
1455	16455
9925	24925
984	15984
8652	23652
5361	20361
8499	23499
6756	21756
9037	24037
1950	16950
6450	21450
7071	22071
3528	18528
7235	22235
8669	23669
9092	24092
597	15597
1556	16556
5604	20604
3080	18080
6113	21113
7294	22294
6865	21865
10121	25121
9234	24234
6523	21523
9317	24317
10371	25371
2044	17044
2848	17848
92	15092
5027	20027
6979	21979
3284	18284
7599	22599
8440	23440
1897	16897
1648	16648
8247	23247
2466	17466
2064	17064
7885	22885
669	15669
1249	16249
7063	22063
7427	22427
1321	16321
6124	21124
222	15222
362	15362
1540	16540
4713	19713
5873	20873
8509	23509
7878	22878
788	15788
9156	24156
7847	22847
6626	21626
6036	21036
5424	20424
8354	23354
3485	18485
3758	18758
641	15641
6345	21345
8467	23467
1109	16109
4658	19658
7307	22307
2029	17029
6214	21214
875	15875
147	15147
3741	18741
8255	23255
2673	17673
1672	16672
9253	24253
6780	21780
3632	18632
1080	16080
1787	16787
7422	22422
2108	17108
2940	17940
5696	20696
8468	23468
689	15689
3306	18306
5435	20435
9758	24758
2027	17027
3841	18841
4600	19600
5904	20904
9938	24938
1252	16252
4625	19625
80	15080
4223	19223
10217	25217
7587	22587
7003	22003
4574	19574
3786	18786
9490	24490
7901	22901
3129	18129
7859	22859
4687	19687
3202	18202
3595	18595
2289	17289
76	15076
3987	18987
9549	24549
5774	20774
5494	20494
5053	20053
6002	21002
1346	16346
487	15487
7327	22327
4159	19159
7064	22064
10397	25397
5198	20198
3420	18420
4592	19592
10322	25322
1723	16723
6335	21335
688	15688
10200	25200
2314	17314
3388	18388
3940	18940
2291	17291
7082	22082
4364	19364
8272	23272
4698	19698
4053	19053
3854	18854
1217	16217
8371	23371
8432	23432
8389	23389
3412	18412
3146	18146
9742	24742
2052	17052
9501	24501
361	15361
5543	20543
414	15414
7705	22705
2349	17349
2032	17032
1738	16738
8523	23523
7317	22317
5914	20914
5445	20445
7520	22520
3509	18509
10483	25483
109	15109
10349	25349
4232	19232
7809	22809
5941	20941
6371	21371
10220	25220
5554	20554
8058	23058
8449	23449
2137	17137
6572	21572
872	15872
5284	20284
6288	21288
3532	18532
9903	24903
7130	22130
2302	17302
10307	25307
6383	21383
6421	21421
10395	25395
5892	20892
6309	21309
2288	17288
6978	21978
3075	18075
7002	22002
3365	18365
6991	21991
1393	16393
1258	16258
7319	22319
3588	18588
8794	23794
4155	19155
182	15182
9855	24855
8873	23873
7339	22339
1875	16875
5721	20721
8684	23684
6673	21673
3442	18442
4847	19847
6013	21013
2216	17216
3931	18931
9850	24850
8308	23308
10048	25048
8021	23021
5853	20853
3417	18417
3209	18209
4338	19338
1284	16284
9203	24203
2183	17183
3268	18268
10179	25179
1243	16243
10301	25301
1832	16832
6424	21424
6478	21478
3337	18337
9869	24869
385	15385
9292	24292
3563	18563
2287	17287
6731	21731
2021	17021
3094	18094
406	15406
4433	19433
3370	18370
10461	25461
8657	23657
8551	23551
10260	25260
6088	21088
6241	21241
8904	23904
6774	21774
3858	18858
7577	22577
7136	22136
1291	16291
7576	22576
7084	22084
2937	17937
4528	19528
3774	18774
5456	20456
1034	16034
6711	21711
4380	19380
6198	21198
2401	17401
5490	20490
10183	25183
9200	24200
3700	18700
9228	24228
1343	16343
2095	17095
7093	22093
4004	19004
9086	24086
611	15611
2133	17133
7028	22028
531	15531
8755	23755
1011	16011
6080	21080
7149	22149
3642	18642
5413	20413
1655	16655
4287	19287
4920	19920
5670	20670
10367	25367
9628	24628
9149	24149
1611	16611
6255	21255
3750	18750
5692	20692
5548	20548
7913	22913
258	15258
1377	16377
1658	16658
6672	21672
6339	21339
9624	24624
4466	19466
787	15787
1809	16809
7816	22816
9702	24702
3326	18326
2474	17474
6738	21738
9962	24962
9960	24960
6629	21629
2323	17323
10355	25355
714	15714
5290	20290
1186	16186
7266	22266
4060	19060
2413	17413
153	15153
7986	22986
262	15262
9762	24762
4231	19231
141	15141
8111	23111
400	15400
6044	21044
6252	21252
6813	21813
1387	16387
7506	22506
3255	18255
4893	19893
6623	21623
8511	23511
7152	22152
3614	18614
8381	23381
149	15149
10480	25480
9002	24002
7243	22243
1687	16687
3276	18276
2296	17296
2960	17960
167	15167
5265	20265
8860	23860
4601	19601
4850	19850
8455	23455
3213	18213
7313	22313
1841	16841
928	15928
2755	17755
8745	23745
9162	24162
4748	19748
7958	22958
2486	17486
9268	24268
8239	23239
2458	17458
6483	21483
2955	17955
4234	19234
8709	23709
4087	19087
9416	24416
10304	25304
8842	23842
9726	24726
3353	18353
5589	20589
3863	18863
8810	23810
6156	21156
4430	19430
3779	18779
10039	25039
1089	16089
5197	20197
9363	24363
1082	16082
4368	19368
9187	24187
5041	20041
10214	25214
6693	21693
138	15138
4152	19152
4095	19095
2676	17676
4768	19768
7519	22519
4766	19766
3352	18352
2482	17482
3098	18098
9872	24872
8528	23528
7173	22173
7034	22034
5522	20522
5717	20717
5501	20501
1452	16452
4897	19897
3689	18689
6843	21843
6740	21740
2008	17008
10476	25476
10067	25067
9333	24333
1466	16466
6723	21723
7462	22462
10162	25162
3270	18270
591	15591
5923	20923
3136	18136
7731	22731
6741	21741
3924	18924
4526	19526
7472	22472
5339	20339
10457	25457
4896	19896
9249	24249
2842	17842
2703	17703
863	15863
6897	21897
5349	20349
9046	24046
5269	20269
5320	20320
4865	19865
7223	22223
2326	17326
10283	25283
1496	16496
8414	23414
6922	21922
8295	23295
5326	20326
5826	20826
4532	19532
8202	23202
5785	20785
8121	23121
2241	17241
2557	17557
8691	23691
3514	18514
6341	21341
6996	21996
8036	23036
7827	22827
4117	19117
4701	19701
3002	18002
1385	16385
8674	23674
1825	16825
5258	20258
9055	24055
4778	19778
9386	24386
5804	20804
6269	21269
10379	25379
10491	25491
1057	16057
6742	21742
7460	22460
5767	20767
3722	18722
1462	16462
3947	18947
4019	19019
6009	21009
617	15617
2853	17853
283	15283
8128	23128
7116	22116
2777	17777
445	15445
5875	20875
10076	25076
1736	16736
844	15844
8337	23337
1325	16325
3264	18264
9163	24163
10236	25236
9994	24994
10128	25128
10025	25025
1003	16003
7260	22260
3220	18220
5943	20943
5935	20935
7815	22815
7271	22271
8131	23131
1358	16358
6772	21772
8776	23776
2376	17376
8133	23133
4453	19453
8129	23129
295	15295
1157	16157
6990	21990
2085	17085
3619	18619
2418	17418
555	15555
637	15637
9257	24257
5738	20738
1431	16431
2114	17114
3971	18971
8768	23768
180	15180
476	15476
9212	24212
790	15790
7078	22078
8334	23334
2498	17498
8783	23783
6868	21868
4978	19978
9573	24573
9792	24792
7868	22868
7793	22793
7083	22083
7927	22927
4158	19158
10174	25174
3029	18029
9481	24481
5778	20778
6930	21930
6270	21270
8826	23826
3205	18205
4874	19874
2266	17266
2259	17259
7812	22812
9477	24477
4855	19855
4556	19556
5668	20668
484	15484
3982	18982
565	15565
190	15190
7076	22076
4566	19566
758	15758
1965	16965
7108	22108
5907	20907
6151	21151
6049	21049
2515	17515
10052	25052
1553	16553
4796	19796
3489	18489
3	15003
5069	20069
8625	23625
9299	24299
7070	22070
1682	16682
4808	19808
9621	24621
3397	18397
444	15444
9699	24699
7994	22994
4824	19824
7212	22212
9834	24834
2448	17448
5078	20078
2995	17995
7365	22365
2231	17231
3896	18896
7046	22046
3466	18466
7419	22419
7272	22272
3493	18493
4128	19128
2521	17521
1298	16298
5546	20546
5689	20689
2020	17020
8403	23403
4852	19852
6163	21163
9979	24979
2670	17670
9409	24409
8905	23905
8698	23698
7760	22760
8838	23838
4849	19849
8925	23925
5286	20286
4533	19533
2119	17119
6337	21337
1788	16788
7248	22248
9919	24919
3948	18948
1795	16795
8199	23199
3697	18697
6480	21480
8710	23710
3272	18272
7143	22143
10382	25382
1204	16204
245	15245
6225	21225
9626	24626
2442	17442
9314	24314
1184	16184
8147	23147
4860	19860
895	15895
7101	22101
3590	18590
4044	19044
3915	18915
2813	17813
8839	23839
9595	24595
3827	18827
9446	24446
193	15193
771	15771
4030	19030
6162	21162
9969	24969
3093	18093
3298	18298
4832	19832
5724	20724
2691	17691
7589	22589
9806	24806
8720	23720
1865	16865
938	15938
9382	24382
3552	18552
1483	16483
8879	23879
10008	25008
7886	22886
9480	24480
333	15333
3765	18765
4022	19022
10398	25398
10168	25168
8578	23578
3584	18584
3059	18059
2908	17908
676	15676
9774	24774
4949	19949
8900	23900
5621	20621
4965	19965
5965	20965
5032	20032
7133	22133
1088	16088
2124	17124
9290	24290
8330	23330
4960	19960
8835	23835
3140	18140
4910	19910
9117	24117
8804	23804
3781	18781
7345	22345
2582	17582
8407	23407
8416	23416
3516	18516
3733	18733
268	15268
234	15234
8558	23558
2035	17035
3302	18302
10015	25015
9854	24854
9340	24340
4987	19987
5647	20647
5930	20930
5217	20217
6583	21583
5176	20176
3086	18086
9575	24575
1328	16328
2489	17489
9700	24700
9380	24380
6758	21758
529	15529
7720	22720
6528	21528
1360	16360
979	15979
4046	19046
9718	24718
9682	24682
1998	16998
8687	23687
4498	19498
7542	22542
4916	19916
9158	24158
10219	25219
462	15462
9681	24681
2552	17552
8858	23858
1927	16927
9123	24123
2746	17746
6395	21395
427	15427
2344	17344
8364	23364
834	15834
1369	16369
5669	20669
348	15348
7018	22018
5488	20488
8884	23884
96	15096
6833	21833
2550	17550
8571	23571
4925	19925
719	15719
3186	18186
9119	24119
4899	19899
8917	23917
9675	24675
9107	24107
2385	17385
1850	16850
387	15387
3649	18649
9336	24336
2109	17109
8079	23079
5739	20739
662	15662
3995	18995
7155	22155
1272	16272
8335	23335
2247	17247
1717	16717
4647	19647
2653	17653
5114	20114
7352	22352
4680	19680
10154	25154
7103	22103
9259	24259
10010	25010
9641	24641
2047	17047
4330	19330
2625	17625
9318	24318
9133	24133
3766	18766
4507	19507
89	15089
3133	18133
9079	24079
8676	23676
4595	19595
6520	21520
541	15541
9921	24921
6319	21319
7596	22596
10159	25159
6540	21540
3431	18431
10313	25313
9136	24136
8248	23248
2683	17683
5832	20832
6126	21126
391	15391
3262	18262
7091	22091
2817	17817
5431	20431
5049	20049
809	15809
2017	17017
9757	24757
10434	25434
1235	16235
3624	18624
8453	23453
179	15179
5789	20789
8317	23317
4662	19662
4107	19107
4743	19743
4299	19299
6593	21593
5183	20183
1269	16269
458	15458
7904	22904
9536	24536
2912	17912
6275	21275
4449	19449
10191	25191
3738	18738
8010	23010
9190	24190
2689	17689
9129	24129
2211	17211
9765	24765
3612	18612
7228	22228
4613	19613
6281	21281
9918	24918
