6818	26479
5717	25378
8038	27699
7849	27510
3996	23657
9742	29403
1871	21532
10403	30064
9045	28706
5973	25634
5517	25178
2060	21721
1739	21400
1004	20665
586	20247
2232	21893
5462	25123
5966	25627
2249	21910
13	19674
6113	25774
414	20075
2274	21935
9151	28812
524	20185
387	20048
2998	22659
885	20546
6529	26190
6101	25762
6755	26416
4057	23718
6084	25745
8275	27936
7384	27045
5133	24794
10323	29984
1348	21009
2126	21787
4145	23806
7883	27544
3605	23266
5236	24897
4942	24603
9033	28694
4442	24103
9632	29293
5930	25591
7160	26821
2711	22372
8210	27871
6059	25720
5650	25311
410	20071
1119	20780
2659	22320
7500	27161
612	20273
1520	21181
9434	29095
5160	24821
7897	27558
2838	22499
1049	20710
538	20199
7580	27241
5309	24970
9947	29608
9335	28996
2266	21927
3536	23197
2316	21977
3386	23047
9726	29387
7155	26816
2710	22371
462	20123
4140	23801
1920	21581
1323	20984
5439	25100
3395	23056
7475	27136
8650	28311
3766	23427
3364	23025
9488	29149
3737	23398
1201	20862
2920	22581
3526	23187
9938	29599
3295	22956
503	20164
10492	30153
4911	24572
4503	24164
6184	25845
971	20632
8116	27777
1538	21199
9396	29057
10289	29950
6732	26393
5659	25320
9284	28945
2854	22515
9839	29500
2752	22413
1129	20790
7745	27406
2598	22259
1740	21401
7840	27501
6510	26171
7577	27238
3035	22696
6204	25865
1753	21414
5339	25000
2005	21666
646	20307
7681	27342
4986	24647
7756	27417
9451	29112
4874	24535
2283	21944
5373	25034
4483	24144
9085	28746
1397	21058
3307	22968
2391	22052
2310	21971
3207	22868
7719	27380
8465	28126
8253	27914
3812	23473
3496	23157
1123	20784
8179	27840
6345	26006
3411	23072
8754	28415
8536	28197
701	20362
7227	26888
3427	23088
1428	21089
6046	25707
2768	22429
1154	20815
3789	23450
419	20080
8952	28613
2031	21692
8621	28282
1291	20952
905	20566
5095	24756
7895	27556
2559	22220
7566	27227
8292	27953
4307	23968
6005	25666
6001	25662
4156	23817
3479	23140
1886	21547
7638	27299
5821	25482
1033	20694
8255	27916
3462	23123
7893	27554
2268	21929
5726	25387
7488	27149
4678	24339
6162	25823
4309	23970
7645	27306
500	20161
7001	26662
8307	27968
9092	28753
7497	27158
5913	25574
8418	28079
6299	25960
9957	29618
5899	25560
5253	24914
4295	23956
7254	26915
5434	25095
1833	21494
8636	28297
6538	26199
10158	29819
9508	29169
7809	27470
8848	28509
7180	26841
8539	28200
6137	25798
6924	26585
1891	21552
6080	25741
2873	22534
28	19689
8322	27983
6883	26544
5972	25633
9349	29010
5963	25624
10407	30068
1069	20730
7115	26776
5245	24906
3534	23195
8567	28228
9550	29211
5505	25166
900	20561
3759	23420
9553	29214
4011	23672
2271	21932
6018	25679
6355	26016
2911	22572
2936	22597
960	20621
3326	22987
9713	29374
6007	25668
6515	26176
8898	28559
3801	23462
7822	27483
3874	23535
7146	26807
5680	25341
8166	27827
1926	21587
3213	22874
5344	25005
1202	20863
6438	26099
4932	24593
3034	22695
6430	26091
8024	27685
6870	26531
3990	23651
7102	26763
8433	28094
6141	25802
1519	21180
668	20329
2078	21739
8561	28222
7575	27236
9224	28885
9769	29430
9937	29598
58	19719
5922	25583
3018	22679
1294	20955
6318	25979
4062	23723
3732	23393
8914	28575
8551	28212
4199	23860
6964	26625
2254	21915
2849	22510
4757	24418
7787	27448
2368	22029
2704	22365
2619	22280
2949	22610
5270	24931
6413	26074
709	20370
7075	26736
8320	27981
10053	29714
1423	21084
3135	22796
7545	27206
10177	29838
5795	25456
40	19701
6412	26073
2823	22484
2947	22608
5402	25063
2317	21978
4662	24323
10421	30082
7668	27329
5451	25112
9577	29238
5752	25413
8436	28097
738	20399
188	19849
9907	29568
395	20056
9228	28889
3561	23222
460	20121
6723	26384
10205	29866
6892	26553
5933	25594
8611	28272
2468	22129
9446	29107
692	20353
4326	23987
5118	24779
7658	27319
1665	21326
2653	22314
842	20503
1388	21049
788	20449
1678	21339
2697	22358
7669	27330
7568	27229
2236	21897
6861	26522
10020	29681
1419	21080
7998	27659
4328	23989
4048	23709
7190	26851
10431	30092
1972	21633
5088	24749
9391	29052
5811	25472
333	19994
1238	20899
3466	23127
2	19663
10224	29885
4934	24595
9373	29034
8343	28004
1112	20773
5670	25331
8683	28344
6254	25915
3946	23607
6464	26125
6580	26241
2818	22479
7757	27418
4259	23920
539	20200
2901	22562
6664	26325
9671	29332
6574	26235
1516	21177
3845	23506
3898	23559
1035	20696
7535	27196
3175	22836
3110	22771
3446	23107
9051	28712
4134	23795
4783	24444
9298	28959
5953	25614
1492	21153
4739	24400
3095	22756
2847	22508
3643	23304
7610	27271
6469	26130
9837	29498
5582	25243
3255	22916
4344	24005
5548	25209
3016	22677
8792	28453
9990	29651
33	19694
2682	22343
980	20641
2787	22448
10303	29964
9805	29466
7357	27018
11	19672
6773	26434
4634	24295
10271	29932
10204	29865
1966	21627
135	19796
5569	25230
7889	27550
29	19690
9239	28900
6488	26149
9001	28662
1521	21182
2257	21918
9297	28958
7804	27465
1637	21298
4693	24354
7781	27442
2358	22019
7693	27354
9371	29032
5202	24863
8347	28008
6429	26090
4112	23773
7174	26835
8113	27774
7337	26998
9874	29535
8187	27848
4261	23922
85	19746
7721	27382
9516	29177
6634	26295
5832	25493
7964	27625
3676	23337
3666	23327
401	20062
9790	29451
2312	21973
4423	24084
8099	27760
42	19703
8126	27787
1333	20994
6632	26293
7343	27004
1153	20814
9734	29395
1782	21443
7413	27074
657	20318
9461	29122
10017	29678
5738	25399
3650	23311
812	20473
8285	27946
10093	29754
2047	21708
3306	22967
9294	28955
2485	22146
8927	28588
1818	21479
9109	28770
8381	28042
5101	24762
6149	25810
9958	29619
1171	20832
3540	23201
6763	26424
4213	23874
2335	21996
8012	27673
2633	22294
2486	22147
2120	21781
9853	29514
5053	24714
6583	26244
4409	24070
6103	25764
4157	23818
907	20568
4665	24326
929	20590
4814	24475
8806	28467
1184	20845
7737	27398
1286	20947
1187	20848
2515	22176
3442	23103
4301	23962
6984	26645
6768	26429
7087	26748
2385	22046
41	19702
9964	29625
1700	21361
4922	24583
6506	26167
1109	20770
379	20040
3584	23245
6396	26057
6821	26482
1300	20961
8161	27822
1055	20716
6477	26138
5778	25439
4270	23931
1766	21427
7176	26837
1144	20805
3819	23480
9256	28917
5558	25219
6217	25878
2071	21732
1034	20695
840	20501
1789	21450
4951	24612
3216	22877
8547	28208
7397	27058
5483	25144
10412	30073
7637	27298
535	20196
3532	23193
8960	28621
1620	21281
10119	29780
3686	23347
8389	28050
528	20189
1242	20903
5446	25107
8668	28329
9605	29266
959	20620
3585	23246
8149	27810
6834	26495
9153	28814
9426	29087
9691	29352
1633	21294
7278	26939
9986	29647
6044	25705
3215	22876
4769	24430
9188	28849
90	19751
6375	26036
697	20358
9025	28686
4624	24285
3989	23650
2824	22485
10383	30044
9584	29245
4285	23946
1365	21026
553	20214
3642	23303
5300	24961
6957	26618
6823	26484
5261	24922
890	20551
6947	26608
4368	24029
7012	26673
9528	29189
2325	21986
154	19815
10366	30027
4056	23717
10445	30106
3500	23161
2735	22396
5524	25185
3515	23176
5739	25400
9364	29025
9330	28991
6898	26559
5132	24793
3237	22898
1118	20779
7911	27572
3778	23439
7695	27356
7960	27621
963	20624
2527	22188
8194	27855
4283	23944
249	19910
6285	25946
509	20170
8313	27974
6367	26028
4276	23937
4064	23725
3640	23301
5005	24666
6620	26281
143	19804
9220	28881
655	20316
8790	28451
5303	24964
9342	29003
6229	25890
3075	22736
5130	24791
8453	28114
5224	24885
711	20372
7429	27090
742	20403
6727	26388
7775	27436
9235	28896
8146	27807
5010	24671
2348	22009
6120	25781
7186	26847
4885	24546
5784	25445
10151	29812
5257	24918
4565	24226
4382	24043
6736	26397
2170	21831
6397	26058
4346	24007
479	20140
10463	30124
3493	23154
348	20009
4340	24001
2262	21923
4108	23769
1918	21579
6636	26297
112	19773
1067	20728
3036	22697
7188	26849
1057	20718
9702	29363
6872	26533
5660	25321
8230	27891
6131	25792
965	20626
5939	25600
185	19846
4721	24382
9813	29474
2610	22271
8213	27874
3234	22895
7864	27525
916	20577
6130	25791
9069	28730
1762	21423
6770	26431
4419	24080
9658	29319
6116	25777
10098	29759
1622	21283
356	20017
10067	29728
10294	29955
3655	23316
9429	29090
4223	23884
6463	26124
10073	29734
1309	20970
4583	24244
2921	22582
6756	26417
2698	22359
1584	21245
4827	24488
8580	28241
10015	29676
9585	29246
201	19862
6168	25829
8263	27924
5426	25087
6032	25693
8678	28339
2782	22443
7292	26953
7230	26891
4878	24539
8290	27951
4463	24124
2991	22652
1754	21415
9097	28758
36	19697
4392	24053
5219	24880
6623	26284
7687	27348
8001	27662
2344	22005
75	19736
3302	22963
8628	28289
4233	23894
3309	22970
2050	21711
9099	28760
8818	28479
6201	25862
3263	22924
3556	23217
2220	21881
7067	26728
6296	25957
2976	22637
8888	28549
6696	26357
6036	25697
9882	29543
1302	20963
1303	20964
4974	24635
1669	21330
5880	25541
10222	29883
7876	27537
6700	26361
1257	20918
708	20369
4102	23763
1088	20749
1927	21588
8473	28134
6311	25972
1780	21441
10164	29825
2974	22635
8903	28564
9606	29267
899	20560
2064	21725
6365	26026
2099	21760
3721	23382
1315	20976
1607	21268
10309	29970
4237	23898
9789	29450
8183	27844
6192	25853
3761	23422
8755	28416
9925	29586
2518	22179
2526	22187
5727	25388
9244	28905
7986	27647
9307	28968
1553	21214
8671	28332
8991	28652
6054	25715
1404	21065
3025	22686
4917	24578
4080	23741
5968	25629
7724	27385
6128	25789
148	19809
4977	24638
9145	28806
8046	27707
4648	24309
3459	23120
3660	23321
1970	21631
9302	28963
9697	29358
7244	26905
8399	28060
9797	29458
6261	25922
7430	27091
1995	21656
9962	29623
2361	22022
7975	27636
819	20480
4963	24624
3498	23159
3714	23375
1582	21243
874	20535
6371	26032
4967	24628
9369	29030
3770	23431
6601	26262
6691	26352
5594	25255
173	19834
3236	22897
2030	21691
8461	28122
2129	21790
6769	26430
4685	24346
1269	20930
9035	28696
4103	23764
5974	25635
9612	29273
5565	25226
2685	22346
5208	24869
6999	26660
9246	28907
247	19908
3851	23512
784	20445
1915	21576
8488	28149
7760	27421
1704	21365
7006	26667
5744	25405
9798	29459
10044	29705
2806	22467
5703	25364
2692	22353
10100	29761
4257	23918
1136	20797
4797	24458
7325	26986
825	20486
4001	23662
10357	30018
3037	22698
6839	26500
459	20120
10203	29864
6252	25913
2370	22031
9708	29369
2537	22198
7853	27514
6195	25856
2652	22313
1307	20968
7247	26908
6056	25717
5553	25214
481	20142
1284	20945
1304	20965
7750	27411
9750	29411
8540	28201
9926	29587
1799	21460
10168	29829
9869	29530
10334	29995
7977	27638
8474	28135
1310	20971
3630	23291
2601	22262
9048	28709
8109	27770
9345	29006
8044	27705
4327	23988
10287	29948
10147	29808
10178	29839
4486	24147
5079	24740
5061	24722
6920	26581
2614	22275
8361	28022
8233	27894
7411	27072
9783	29444
6550	26211
1656	21317
5331	24992
8751	28412
5684	25345
9176	28837
5066	24727
3297	22958
4897	24558
5338	24999
4777	24438
1688	21349
2338	21999
4227	23888
8929	28590
8211	27872
6106	25767
10057	29718
1702	21363
7784	27445
3920	23581
393	20054
3707	23368
886	20547
881	20542
9103	28764
644	20305
7197	26858
7058	26719
6376	26037
5295	24956
1377	21038
5756	25417
4245	23906
8566	28227
1697	21358
2352	22013
6188	25849
9376	29037
9651	29312
10477	30138
4599	24260
6587	26248
2453	22114
2036	21697
3647	23308
1398	21059
6596	26257
9712	29373
2427	22088
4664	24325
3254	22915
4569	24230
9353	29014
5840	25501
3539	23200
8988	28649
10257	29918
10165	29826
2720	22381
8772	28433
3246	22907
8899	28560
7027	26688
4644	24305
5910	25571
5484	25145
2983	22644
