9168	24168
8395	23395
3566	18566
10363	25363
9939	24939
5649	20649
4512	19512
3542	18542
126	15126
8036	23036
5855	20855
1280	16280
1900	16900
2304	17304
6900	21900
1850	16850
4733	19733
5606	20606
4543	19543
6911	21911
10479	25479
2558	17558
5668	20668
2086	17086
6614	21614
3619	18619
9770	24770
7676	22676
8651	23651
5231	20231
2302	17302
4932	19932
3753	18753
8938	23938
5517	20517
60	15060
8153	23153
7810	22810
6185	21185
3544	18544
9570	24570
3639	18639
6272	21272
10084	25084
6875	21875
7155	22155
7566	22566
71	15071
9499	24499
543	15543
2263	17263
5073	20073
7403	22403
745	15745
8400	23400
4706	19706
2826	17826
3473	18473
5108	20108
2033	17033
6511	21511
10150	25150
8406	23406
4331	19331
6475	21475
6760	21760
778	15778
9730	24730
4203	19203
1220	16220
4420	19420
7432	22432
5467	20467
7935	22935
5875	20875
2080	17080
8199	23199
1838	16838
1224	16224
6618	21618
9826	24826
5282	20282
5482	20482
4199	19199
3479	18479
5101	20101
6290	21290
9388	24388
5323	20323
1023	16023
8624	23624
9786	24786
8287	23287
5916	20916
1947	16947
7843	22843
5782	20782
1492	16492
3545	18545
2732	17732
4727	19727
8835	23835
7328	22328
2361	17361
7970	22970
5159	20159
7244	22244
3789	18789
9118	24118
3495	18495
8769	23769
638	15638
8304	23304
1422	16422
923	15923
9596	24596
7720	22720
9065	24065
4614	19614
2432	17432
5109	20109
100	15100
9230	24230
6581	21581
6041	21041
6086	21086
8563	23563
6605	21605
8857	23857
10419	25419
142	15142
541	15541
3950	18950
4056	19056
1163	16163
8222	23222
6771	21771
3223	18223
9647	24647
1461	16461
6837	21837
7406	22406
3645	18645
8613	23613
3105	18105
9375	24375
5115	20115
978	15978
1039	16039
8462	23462
7529	22529
2448	17448
10022	25022
5491	20491
2337	17337
6018	21018
2801	17801
9067	24067
7985	22985
7537	22537
6162	21162
1599	16599
4011	19011
5569	20569
1835	16835
3477	18477
9421	24421
871	15871
10333	25333
7626	22626
7779	22779
3305	18305
9457	24457
10273	25273
2603	17603
9336	24336
3574	18574
7457	22457
1481	16481
1644	16644
6895	21895
7540	22540
8688	23688
2899	17899
10046	25046
1787	16787
6952	21952
4788	19788
5581	20581
1184	16184
7440	22440
8112	23112
3240	18240
9300	24300
1704	16704
5141	20141
375	15375
6262	21262
6915	21915
4745	19745
9616	24616
7993	22993
8569	23569
144	15144
1240	16240
9778	24778
9309	24309
5213	20213
9195	24195
6732	21732
6318	21318
7931	22931
7924	22924
2807	17807
8483	23483
741	15741
8694	23694
5372	20372
5189	20189
836	15836
5133	20133
9591	24591
1042	16042
986	15986
3089	18089
1549	16549
7151	22151
7142	22142
8455	23455
9745	24745
4142	19142
3699	18699
7275	22275
4812	19812
6474	21474
4874	19874
1431	16431
5646	20646
3887	18887
5234	20234
9733	24733
185	15185
10394	25394
1348	16348
1934	16934
8602	23602
6740	21740
242	15242
2961	17961
8341	23341
7697	22697
7172	22172
10240	25240
8719	23719
8813	23813
4486	19486
3720	18720
900	15900
10312	25312
2424	17424
3978	18978
4340	19340
4194	19194
1259	16259
8324	23324
4998	19998
2622	17622
2027	17027
7907	22907
5152	20152
9015	24015
12	15012
2853	17853
9931	24931
2459	17459
8767	23767
5090	20090
6869	21869
5466	20466
8083	23083
2248	17248
5619	20619
6476	21476
3897	18897
9755	24755
9846	24846
4134	19134
9188	24188
8901	23901
3648	18648
2300	17300
4039	19039
1821	16821
5511	20511
4610	19610
5761	20761
1313	16313
10316	25316
4717	19717
9938	24938
6734	21734
2327	17327
2331	17331
2182	17182
8667	23667
4700	19700
4824	19824
261	15261
6345	21345
4133	19133
5484	20484
386	15386
807	15807
8530	23530
8595	23595
1338	16338
4393	19393
2955	17955
10486	25486
4084	19084
7712	22712
9817	24817
842	15842
3902	18902
9676	24676
6776	21776
6301	21301
1341	16341
5415	20415
7690	22690
8986	23986
913	15913
8002	23002
4777	19777
3150	18150
5315	20315
9837	24837
1064	16064
3686	18686
8692	23692
5256	20256
3045	18045
4687	19687
8478	23478
5229	20229
5717	20717
4349	19349
629	15629
3039	18039
1157	16157
8239	23239
3922	18922
3577	18577
6642	21642
6421	21421
10317	25317
3919	18919
2134	17134
6931	21931
8269	23269
4662	19662
9510	24510
6687	21687
1680	16680
7736	22736
1683	16683
7054	22054
5506	20506
1058	16058
9291	24291
6209	21209
1242	16242
668	15668
6553	21553
1735	16735
7885	22885
7197	22197
4248	19248
1688	16688
3534	18534
3192	18192
1750	16750
2800	17800
1904	16904
5908	20908
7428	22428
7376	22376
2187	17187
1324	16324
3557	18557
5634	20634
4240	19240
9035	24035
1859	16859
4357	19357
3024	18024
4049	19049
6563	21563
3536	18536
8808	23808
5214	20214
4852	19852
5800	20800
9635	24635
2510	17510
3220	18220
265	15265
2245	17245
8170	23170
2165	17165
8724	23724
8599	23599
8677	23677
5659	20659
2859	17859
9401	24401
8272	23272
2052	17052
7294	22294
251	15251
2308	17308
1719	16719
4116	19116
4599	19599
9940	24940
3869	18869
7344	22344
337	15337
1282	16282
6985	21985
6593	21593
4843	19843
1062	16062
9305	24305
10331	25331
2490	17490
3637	18637
10309	25309
2110	17110
9068	24068
4912	19912
6784	21784
4207	19207
2799	17799
464	15464
1581	16581
9346	24346
2460	17460
4316	19316
5973	20973
7316	22316
10254	25254
502	15502
4789	19789
1509	16509
4634	19634
7370	22370
135	15135
4153	19153
6934	21934
9673	24673
3332	18332
3644	18644
621	15621
2632	17632
9312	24312
9625	24625
7233	22233
4051	19051
147	15147
5438	20438
1120	16120
1134	16134
10402	25402
1107	16107
6857	21857
8525	23525
7176	22176
3585	18585
1673	16673
833	15833
2501	17501
9286	24286
9046	24046
4188	19188
259	15259
790	15790
5380	20380
7826	22826
5451	20451
9229	24229
7469	22469
7804	22804
8333	23333
5228	20228
8132	23132
9349	24349
2775	17775
3712	18712
9219	24219
9544	24544
195	15195
5816	20816
7501	22501
547	15547
8174	23174
916	15916
9876	24876
8690	23690
8032	23032
6951	21951
1855	16855
8907	23907
6520	21520
28	15028
10375	25375
393	15393
432	15432
4426	19426
4471	19471
983	15983
2403	17403
2356	17356
2199	17199
8268	23268
5353	20353
6193	21193
6741	21741
6962	21962
7659	22659
1355	16355
8469	23469
3779	18779
8849	23849
8409	23409
8770	23770
56	15056
5045	20045
151	15151
10141	25141
1594	16594
2733	17733
6341	21341
3655	18655
1117	16117
462	15462
3430	18430
4955	19955
603	15603
2324	17324
1168	16168
6540	21540
5295	20295
8998	23998
2812	17812
9248	24248
7381	22381
9862	24862
5568	20568
8275	23275
8121	23121
5926	20926
4444	19444
5281	20281
5397	20397
8895	23895
8352	23352
3284	18284
3776	18776
2710	17710
9801	24801
2571	17571
2729	17729
2355	17355
2725	17725
4728	19728
6995	21995
6967	21967
4978	19978
579	15579
6009	21009
5585	20585
2095	17095
3079	18079
8611	23611
7459	22459
7815	22815
7807	22807
49	15049
9762	24762
203	15203
5304	20304
2082	17082
6233	21233
10040	25040
729	15729
6414	21414
5502	20502
6987	21987
9043	24043
1601	16601
6530	21530
1574	16574
3021	18021
8466	23466
10348	25348
5433	20433
1390	16390
3129	18129
1977	16977
8317	23317
8379	23379
7239	22239
10047	25047
4787	19787
10413	25413
8236	23236
3456	18456
7787	22787
8792	23792
4249	19249
9613	24613
3959	18959
10000	25000
3736	18736
10356	25356
7307	22307
2478	17478
7464	22464
4400	19400
7482	22482
2462	17462
6870	21870
10352	25352
9023	24023
696	15696
1517	16517
5360	20360
5663	20663
1980	16980
5994	20994
1132	16132
824	15824
6221	21221
10153	25153
7369	22369
3177	18177
5925	20925
1819	16819
10067	25067
6048	21048
9141	24141
9665	24665
3999	18999
5099	20099
2637	17637
6161	21161
5730	20730
8034	23034
4565	19565
10168	25168
9093	24093
8974	23974
9935	24935
9435	24435
3740	18740
9927	24927
9655	24655
5989	20989
1636	16636
2074	17074
1490	16490
935	15935
2991	17991
7323	22323
8657	23657
6983	21983
3474	18474
1229	16229
9119	24119
4477	19477
7140	22140
7955	22955
6728	21728
1519	16519
9221	24221
2192	17192
2456	17456
9002	24002
123	15123
9394	24394
7204	22204
932	15932
3163	18163
4532	19532
5520	20520
9283	24283
1485	16485
6045	21045
5841	20841
2390	17390
7711	22711
5128	20128
2230	17230
1124	16124
2138	17138
10275	25275
5769	20769
1681	16681
5936	20936
4905	19905
1740	16740
5158	20158
8732	23732
7399	22399
2528	17528
10203	25203
6437	21437
9518	24518
3506	18506
6969	21969
451	15451
1510	16510
7022	22022
310	15310
5340	20340
891	15891
3030	18030
9161	24161
5854	20854
2844	17844
8955	23955
8463	23463
1832	16832
7182	22182
4352	19352
114	15114
5430	20430
9282	24282
7633	22633
5063	20063
2974	17974
5328	20328
7780	22780
5145	20145
9203	24203
5803	20803
6336	21336
9772	24772
5202	20202
7237	22237
6235	21235
9102	24102
3392	18392
9946	24946
5424	20424
9793	24793
4941	19941
455	15455
9325	24325
2960	17960
6509	21509
6448	21448
9315	24315
5271	20271
5284	20284
2946	17946
4416	19416
1065	16065
6725	21725
10241	25241
9231	24231
8277	23277
8505	23505
6118	21118
3442	18442
4451	19451
6113	21113
10054	25054
6709	21709
8850	23850
2435	17435
795	15795
8494	23494
2240	17240
847	15847
6192	21192
4618	19618
2625	17625
820	15820
10072	25072
3781	18781
10157	25157
340	15340
10156	25156
8477	23477
9664	24664
6770	21770
1779	16779
3195	18195
8357	23357
2195	17195
2526	17526
7460	22460
7189	22189
6578	21578
8065	23065
9877	24877
7499	22499
474	15474
7497	22497
5881	20881
1849	16849
5344	20344
3913	18913
7184	22184
413	15413
19	15019
2779	17779
2455	17455
2047	17047
3775	18775
3938	18938
1084	16084
7472	22472
6901	21901
10070	25070
6070	21070
9447	24447
3127	18127
52	15052
1862	16862
8328	23328
1933	16933
2996	17996
3347	18347
8598	23598
2997	17997
6809	21809
1965	16965
8200	23200
8680	23680
409	15409
684	15684
3404	18404
7483	22483
619	15619
6556	21556
3925	18925
1262	16262
9649	24649
9450	24450
5454	20454
8919	23919
2231	17231
9867	24867
7710	22710
1424	16424
1655	16655
1910	16910
2862	17862
5297	20297
1251	16251
2186	17186
8935	23935
3964	18964
8464	23464
10325	25325
3069	18069
8908	23908
9865	24865
8768	23768
804	15804
10336	25336
6197	21197
15	15015
8168	23168
5483	20483
1956	16956
10165	25165
2091	17091
642	15642
9222	24222
6150	21150
6946	21946
1781	16781
8422	23422
6502	21502
6211	21211
6104	21104
8260	23260
1506	16506
3709	18709
8208	23208
7332	22332
8165	23165
5747	20747
9642	24642
4597	19597
9873	24873
1368	16368
7619	22619
2014	17014
8565	23565
6463	21463
8380	23380
8453	23453
7395	22395
4509	19509
1919	16919
6085	21085
4779	19779
8066	23066
6717	21717
8437	23437
1913	16913
4639	19639
3325	18325
8773	23773
675	15675
969	15969
7247	22247
7335	22335
6135	21135
9197	24197
7606	22606
4094	19094
10393	25393
4542	19542
6810	21810
3380	18380
3241	18241
8243	23243
4570	19570
2487	17487
6240	21240
2004	17004
5337	20337
4868	19868
4562	19562
1185	16185
8125	23125
9565	24565
7834	22834
134	15134
7545	22545
5911	20911
566	15566
5699	20699
8501	23501
1493	16493
358	15358
2538	17538
709	15709
7388	22388
7694	22694
6758	21758
3250	18250
8616	23616
10092	25092
7854	22854
9019	24019
6281	21281
3570	18570
7235	22235
456	15456
10243	25243
6586	21586
6298	21298
5999	20999
6751	21751
7149	22149
9893	24893
5087	20087
2947	17947
8700	23700
9965	24965
6890	21890
10372	25372
2904	17904
6564	21564
6641	21641
6066	21066
5891	20891
9949	24949
8995	23995
9154	24154
5452	20452
4074	19074
4579	19579
1010	16010
8656	23656
7060	22060
4652	19652
3252	18252
2889	17889
8858	23858
3333	18333
7121	22121
165	15165
