7750	27564
9152	28966
474	20288
9833	29647
5022	24836
5450	25264
6789	26603
5853	25667
4174	23988
9443	29257
5005	24819
9543	29357
3929	23743
4019	23833
3691	23505
883	20697
5811	25625
1393	21207
164	19978
671	20485
10371	30185
4527	24341
8820	28634
5584	25398
1961	21775
4696	24510
7180	26994
10230	30044
3226	23040
9118	28932
3227	23041
7789	27603
10228	30042
1493	21307
8365	28179
648	20462
4036	23850
3775	23589
4319	24133
7163	26977
7761	27575
9803	29617
3423	23237
1772	21586
5189	25003
1697	21511
1567	21381
6800	26614
4563	24377
8918	28732
3372	23186
5746	25560
3482	23296
1308	21122
304	20118
1057	20871
3300	23114
8669	28483
9366	29180
6645	26459
9760	29574
8643	28457
9181	28995
1544	21358
6252	26066
8294	28108
6646	26460
4121	23935
2427	22241
7631	27445
3379	23193
5190	25004
4721	24535
6472	26286
45	19859
1248	21062
6210	26024
4457	24271
4165	23979
5388	25202
8950	28764
6003	25817
754	20568
7936	27750
4946	24760
8618	28432
9138	28952
7804	27618
3607	23421
1967	21781
312	20126
8034	27848
3847	23661
437	20251
10363	30177
871	20685
9036	28850
683	20497
514	20328
1190	21004
3946	23760
3987	23801
5049	24863
5900	25714
6251	26065
2974	22788
2343	22157
551	20365
4809	24623
3737	23551
6753	26567
3617	23431
6781	26595
4000	23814
3450	23264
3258	23072
9230	29044
794	20608
6211	26025
8363	28177
3425	23239
1454	21268
3579	23393
6732	26546
3070	22884
9988	29802
2186	22000
8019	27833
781	20595
9932	29746
4610	24424
9477	29291
7470	27284
6542	26356
5057	24871
9796	29610
975	20789
5194	25008
826	20640
1817	21631
1217	21031
2561	22375
8584	28398
1206	21020
7004	26818
980	20794
6129	25943
7616	27430
6972	26786
7423	27237
6499	26313
4411	24225
4062	23876
6773	26587
1995	21809
9799	29613
7780	27594
4971	24785
5145	24959
2655	22469
9382	29196
8996	28810
3781	23595
1533	21347
3122	22936
10258	30072
2553	22367
5487	25301
3578	23392
494	20308
2847	22661
3780	23594
1474	21288
2683	22497
2623	22437
5929	25743
528	20342
6939	26753
2808	22622
6261	26075
2088	21902
8142	27956
6876	26690
167	19981
5863	25677
6570	26384
5176	24990
6180	25994
5943	25757
9331	29145
6589	26403
8857	28671
1710	21524
3958	23772
869	20683
10093	29907
425	20239
6546	26360
7787	27601
2842	22656
9861	29675
4626	24440
8967	28781
8047	27861
7148	26962
892	20706
9006	28820
6122	25936
402	20216
6734	26548
9896	29710
4699	24513
9153	28967
7499	27313
2648	22462
4371	24185
6139	25953
6834	26648
1113	20927
4979	24793
1940	21754
9472	29286
8149	27963
5175	24989
8843	28657
5462	25276
6597	26411
4783	24597
3091	22905
6643	26457
3057	22871
175	19989
189	20003
4787	24601
4612	24426
1261	21075
4209	24023
1107	20921
9862	29676
9311	29125
7944	27758
6256	26070
2822	22636
10	19824
633	20447
7129	26943
3911	23725
10121	29935
6907	26721
7660	27474
2855	22669
2678	22492
475	20289
8780	28594
5378	25192
8880	28694
710	20524
2629	22443
5881	25695
2537	22351
9167	28981
2662	22476
1351	21165
3149	22963
6947	26761
8312	28126
7835	27649
778	20592
2679	22493
6986	26800
3138	22952
873	20687
695	20509
4507	24321
1546	21360
951	20765
7580	27394
9924	29738
1338	21152
6297	26111
7162	26976
6720	26534
859	20673
9584	29398
249	20063
4335	24149
4538	24352
2627	22441
9839	29653
9390	29204
7449	27263
1694	21508
96	19910
6882	26696
1058	20872
3859	23673
2918	22732
8589	28403
4937	24751
8906	28720
8578	28392
1955	21769
4222	24036
4736	24550
4913	24727
9089	28903
9889	29703
1874	21688
5613	25427
3429	23243
9238	29052
2095	21909
4289	24103
10024	29838
2314	22128
3259	23073
5412	25226
239	20053
8237	28051
3952	23766
7907	27721
991	20805
7726	27540
895	20709
3567	23381
3528	23342
3828	23642
2434	22248
1785	21599
2578	22392
6326	26140
4350	24164
3201	23015
1529	21343
3325	23139
557	20371
1229	21043
3283	23097
6384	26198
10440	30254
8886	28700
978	20792
1560	21374
10107	29921
7820	27634
7048	26862
6393	26207
7178	26992
6730	26544
6346	26160
6848	26662
10220	30034
524	20338
3077	22891
2849	22663
2106	21920
8577	28391
5543	25357
9307	29121
9510	29324
7593	27407
6797	26611
8566	28380
10181	29995
8739	28553
4292	24106
6962	26776
9585	29399
7256	27070
8598	28412
5211	25025
6193	26007
7450	27264
8112	27926
5148	24962
5528	25342
3891	23705
800	20614
7961	27775
10136	29950
2120	21934
13	19827
6615	26429
9629	29443
3953	23767
1216	21030
6777	26591
9417	29231
5896	25710
8148	27962
4745	24559
6069	25883
3292	23106
3603	23417
4437	24251
5799	25613
1758	21572
2550	22364
2340	22154
6517	26331
7020	26834
8931	28745
9606	29420
2012	21826
8161	27975
9850	29664
2594	22408
4014	23828
1556	21370
10275	30089
8401	28215
6471	26285
4101	23915
7662	27476
6082	25896
9346	29160
4621	24435
4470	24284
6574	26388
3897	23711
9621	29435
5980	25794
8754	28568
1711	21525
5114	24928
5283	25097
7029	26843
6694	26508
838	20652
4731	24545
8892	28706
67	19881
1070	20884
329	20143
2544	22358
6056	25870
9328	29142
7494	27308
8543	28357
2305	22119
9415	29229
4314	24128
2993	22807
5754	25568
7235	27049
1569	21383
7417	27231
5002	24816
10353	30167
6906	26720
8040	27854
195	20009
401	20215
5700	25514
8253	28067
10468	30282
1426	21240
9516	29330
4405	24219
8550	28364
9856	29670
6533	26347
7285	27099
1497	21311
9890	29704
8495	28309
6836	26650
10141	29955
3413	23227
1656	21470
2418	22232
7153	26967
6453	26267
2213	22027
34	19848
7955	27769
10257	30071
4313	24127
7372	27186
5860	25674
1673	21487
795	20609
3028	22842
5597	25411
7510	27324
477	20291
7642	27456
10399	30213
4059	23873
8540	28354
855	20669
1934	21748
6062	25876
7070	26884
3005	22819
7825	27639
638	20452
4050	23864
2523	22337
6521	26335
4112	23926
1908	21722
6175	25989
3885	23699
3797	23611
416	20230
6364	26178
8965	28779
2344	22158
7948	27762
7408	27222
8597	28411
1836	21650
1808	21622
9804	29618
685	20499
4505	24319
1577	21391
5398	25212
7266	27080
3208	23022
2083	21897
3022	22836
2380	22194
1258	21072
8304	28118
5113	24927
3087	22901
5221	25035
613	20427
8240	28054
10470	30284
9040	28854
16	19830
3414	23228
4551	24365
2332	22146
6749	26563
4692	24506
2004	21818
5912	25726
3203	23017
9259	29073
1597	21411
8829	28643
6151	25965
8527	28341
5533	25347
8223	28037
3980	23794
6458	26272
2357	22171
4089	23903
1331	21145
1735	21549
8796	28610
3335	23149
4140	23954
7583	27397
7770	27584
5337	25151
9786	29600
5229	25043
10109	29923
804	20618
4829	24643
384	20198
5436	25250
2149	21963
9883	29697
2408	22222
10082	29896
9223	29037
7518	27332
5293	25107
3769	23583
7295	27109
10174	29988
6135	25949
6955	26769
5970	25784
2639	22453
1085	20899
5984	25798
7976	27790
102	19916
7495	27309
7084	26898
4657	24471
688	20502
6096	25910
9956	29770
9445	29259
1778	21592
10425	30239
2981	22795
4056	23870
9527	29341
2256	22070
1759	21573
8961	28775
184	19998
8897	28711
9154	28968
6846	26660
10342	30156
6837	26651
6260	26074
7107	26921
9680	29494
597	20411
9022	28836
7745	27559
363	20177
3940	23754
1017	20831
6018	25832
7227	27041
4082	23896
7091	26905
6031	25845
1231	21045
1044	20858
2789	22603
2493	22307
3059	22873
3919	23733
8563	28377
8798	28612
5727	25541
8048	27862
9905	29719
10467	30281
2608	22422
4294	24108
4793	24607
3834	23648
3658	23472
8659	28473
10146	29960
2401	22215
5798	25612
9752	29566
10030	29844
7756	27570
5416	25230
1941	21755
7191	27005
10413	30227
10336	30150
5715	25529
8235	28049
5285	25099
6309	26123
109	19923
8346	28160
9836	29650
9683	29497
7954	27768
9182	28996
6575	26389
309	20123
2063	21877
5810	25624
6552	26366
4439	24253
5889	25703
9531	29345
7330	27144
8113	27927
4633	24447
768	20582
2485	22299
6855	26669
10300	30114
9832	29646
4161	23975
1183	20997
6280	26094
9403	29217
8581	28395
9143	28957
2998	22812
9075	28889
4853	24667
3838	23652
8156	27970
5677	25491
6340	26154
2516	22330
2090	21904
4823	24637
7047	26861
596	20410
2813	22627
10029	29843
7356	27170
9711	29525
8710	28524
9847	29661
3428	23242
3627	23441
4973	24787
9320	29134
9135	28949
8367	28181
6350	26164
6247	26061
2941	22755
7528	27342
1286	21100
6020	25834
1362	21176
9384	29198
9004	28818
712	20526
7561	27375
180	19994
4954	24768
2347	22161
7389	27203
10318	30132
4323	24137
1204	21018
5299	25113
2795	22609
10460	30274
836	20650
6047	25861
7575	27389
1476	21290
7806	27620
1489	21303
1721	21535
5174	24988
282	20096
6992	26806
7284	27098
471	20285
2948	22762
6381	26195
6146	25960
8807	28621
3073	22887
2290	22104
9900	29714
8403	28217
3610	23424
4780	24594
694	20508
2031	21845
3491	23305
3700	23514
6480	26294
4309	24123
1918	21732
835	20649
680	20494
9509	29323
10417	30231
2895	22709
10101	29915
4511	24325
3464	23278
5465	25279
2545	22359
7390	27204
5697	25511
10044	29858
2673	22487
1035	20849
4534	24348
1619	21433
387	20201
8030	27844
3802	23616
7304	27118
3504	23318
6486	26300
198	20012
3146	22960
8989	28803
9281	29095
4491	24305
2978	22792
7280	27094
3474	23288
9937	29751
7102	26916
10111	29925
4232	24046
1666	21480
9917	29731
1585	21399
5630	25444
1653	21467
9918	29732
6896	26710
6750	26564
10020	29834
9971	29785
5565	25379
4489	24303
8792	28606
5461	25275
3019	22833
6158	25972
1372	21186
4733	24547
504	20318
8658	28472
8866	28680
4180	23994
354	20168
6698	26512
8356	28170
461	20275
5506	25320
10309	30123
9611	29425
8311	28125
8472	28286
8436	28250
9794	29608
2810	22624
3249	23063
9877	29691
4281	24095
10382	30196
4498	24312
1548	21362
7229	27043
2754	22568
9218	29032
6831	26645
3114	22928
5381	25195
3973	23787
4506	24320
9802	29616
10471	30285
1389	21203
5241	25055
8447	28261
8705	28519
7993	27807
1060	20874
5649	25463
884	20698
1299	21113
2438	22252
2888	22702
6170	25984
377	20191
4963	24777
3186	23000
4005	23819
6562	26376
4640	24454
1542	21356
9751	29565
7019	26833
7846	27660
8801	28615
9266	29080
10461	30275
9758	29572
681	20495
2867	22681
10263	30077
4201	24015
5419	25233
10379	30193
2175	21989
9301	29115
4175	23989
8018	27832
601	20415
3399	23213
4824	24638
1802	21616
9322	29136
813	20627
1137	20951
472	20286
3981	23795
2506	22320
5475	25289
8662	28476
9012	28826
5082	24896
5368	25182
515	20329
3398	23212
5592	25406
5826	25640
8498	28312
7393	27207
3600	23414
8529	28343
4108	23922
5117	24931
7629	27443
3537	23351
5128	24942
7691	27505
9930	29744
1458	21272
7099	26913
10115	29929
3445	23259
2100	21914
1596	21410
10134	29948
2059	21873
6675	26489
6005	25819
10117	29931
2370	22184
5155	24969
9793	29607
403	20217
2730	22544
759	20573
2285	22099
1112	20926
8588	28402
9247	29061
3136	22950
4928	24742
2165	21979
1947	21761
8544	28358
7399	27213
3469	23283
2890	22704
3725	23539
479	20293
3479	23293
1015	20829
8556	28370
8083	27897
2335	22149
84	19898
689	20503
6958	26772
2441	22255
4857	24671
2501	22315
4568	24382
1387	21201
4532	24346
6757	26571
6318	26132
6616	26430
3854	23668
997	20811
5458	25272
9411	29225
7550	27364
1237	21051
1748	21562
6926	26740
819	20633
9335	29149
6418	26232
4092	23906
9100	28914
1159	20973
1691	21505
4539	24353
10090	29904
6852	26666
960	20774
10293	30107
7667	27481
9050	28864
7774	27588
9816	29630
4463	24277
3620	23434
2375	22189
6764	26578
3277	23091
2771	22585
3346	23160
1323	21137
8084	27898
7089	26903
2490	22304
4641	24455
8208	28022
7844	27658
458	20272
4907	24721
4086	23900
9954	29768
9650	29464
3200	23014
5328	25142
