10500	30314
10501	30315
10502	30316
10503	30317
10504	30318
10505	30319
10506	30320
10507	30321
10508	30322
10509	30323
10510	30324
10511	30325
10512	30326
10513	30327
10514	30328
10515	30329
10516	30330
10517	30331
10518	30332
10519	30333
10520	30334
10521	30335
10522	30336
10523	30337
10524	30338
10525	30339
10526	30340
10527	30341
10528	30342
10529	30343
10530	30344
10531	30345
10532	30346
10533	30347
10534	30348
10535	30349
10536	30350
10537	30351
10538	30352
10539	30353
10540	30354
10541	30355
10542	30356
10543	30357
10544	30358
10545	30359
10546	30360
10547	30361
10548	30362
10549	30363
10550	30364
10551	30365
10552	30366
10553	30367
10554	30368
10555	30369
10556	30370
10557	30371
10558	30372
10559	30373
10560	30374
10561	30375
10562	30376
10563	30377
10564	30378
10565	30379
10566	30380
10567	30381
10568	30382
10569	30383
10570	30384
10571	30385
10572	30386
10573	30387
10574	30388
10575	30389
10576	30390
10577	30391
10578	30392
10579	30393
10580	30394
10581	30395
10582	30396
10583	30397
10584	30398
10585	30399
10586	30400
10587	30401
10588	30402
10589	30403
10590	30404
10591	30405
10592	30406
10593	30407
10594	30408
10595	30409
10596	30410
10597	30411
10598	30412
10599	30413
10600	30414
10601	30415
10602	30416
10603	30417
10604	30418
10605	30419
10606	30420
10607	30421
10608	30422
10609	30423
10610	30424
10611	30425
10612	30426
10613	30427
10614	30428
10615	30429
10616	30430
10617	30431
10618	30432
10619	30433
10620	30434
10621	30435
10622	30436
10623	30437
10624	30438
10625	30439
10626	30440
10627	30441
10628	30442
10629	30443
10630	30444
10631	30445
10632	30446
10633	30447
10634	30448
10635	30449
10636	30450
10637	30451
10638	30452
10639	30453
10640	30454
10641	30455
10642	30456
10643	30457
10644	30458
10645	30459
10646	30460
10647	30461
10648	30462
10649	30463
10650	30464
10651	30465
10652	30466
10653	30467
10654	30468
10655	30469
10656	30470
10657	30471
10658	30472
10659	30473
10660	30474
10661	30475
10662	30476
10663	30477
10664	30478
10665	30479
10666	30480
10667	30481
10668	30482
10669	30483
10670	30484
10671	30485
10672	30486
10673	30487
10674	30488
10675	30489
10676	30490
10677	30491
10678	30492
10679	30493
10680	30494
10681	30495
10682	30496
10683	30497
10684	30498
10685	30499
10686	30500
10687	30501
10688	30502
10689	30503
10690	30504
10691	30505
10692	30506
10693	30507
10694	30508
10695	30509
10696	30510
10697	30511
10698	30512
10699	30513
10700	30514
10701	30515
10702	30516
10703	30517
10704	30518
10705	30519
10706	30520
10707	30521
10708	30522
10709	30523
10710	30524
10711	30525
10712	30526
10713	30527
10714	30528
10715	30529
10716	30530
10717	30531
10718	30532
10719	30533
10720	30534
10721	30535
10722	30536
10723	30537
10724	30538
10725	30539
10726	30540
10727	30541
10728	30542
10729	30543
10730	30544
10731	30545
10732	30546
10733	30547
10734	30548
10735	30549
10736	30550
10737	30551
10738	30552
10739	30553
10740	30554
10741	30555
10742	30556
10743	30557
10744	30558
10745	30559
10746	30560
10747	30561
10748	30562
10749	30563
10750	30564
10751	30565
10752	30566
10753	30567
10754	30568
10755	30569
10756	30570
10757	30571
10758	30572
10759	30573
10760	30574
10761	30575
10762	30576
10763	30577
10764	30578
10765	30579
10766	30580
10767	30581
10768	30582
10769	30583
10770	30584
10771	30585
10772	30586
10773	30587
10774	30588
10775	30589
10776	30590
10777	30591
10778	30592
10779	30593
10780	30594
10781	30595
10782	30596
10783	30597
10784	30598
10785	30599
10786	30600
10787	30601
10788	30602
10789	30603
10790	30604
10791	30605
10792	30606
10793	30607
10794	30608
10795	30609
10796	30610
10797	30611
10798	30612
10799	30613
10800	30614
10801	30615
10802	30616
10803	30617
10804	30618
10805	30619
10806	30620
10807	30621
10808	30622
10809	30623
10810	30624
10811	30625
10812	30626
10813	30627
10814	30628
10815	30629
10816	30630
10817	30631
10818	30632
10819	30633
10820	30634
10821	30635
10822	30636
10823	30637
10824	30638
10825	30639
10826	30640
10827	30641
10828	30642
10829	30643
10830	30644
10831	30645
10832	30646
10833	30647
10834	30648
10835	30649
10836	30650
10837	30651
10838	30652
10839	30653
10840	30654
10841	30655
10842	30656
10843	30657
10844	30658
10845	30659
10846	30660
10847	30661
10848	30662
10849	30663
10850	30664
10851	30665
10852	30666
10853	30667
10854	30668
10855	30669
10856	30670
10857	30671
10858	30672
10859	30673
10860	30674
10861	30675
10862	30676
10863	30677
10864	30678
10865	30679
10866	30680
10867	30681
10868	30682
10869	30683
10870	30684
10871	30685
10872	30686
10873	30687
10874	30688
10875	30689
10876	30690
10877	30691
10878	30692
10879	30693
10880	30694
10881	30695
10882	30696
10883	30697
10884	30698
10885	30699
10886	30700
10887	30701
10888	30702
10889	30703
10890	30704
10891	30705
10892	30706
10893	30707
10894	30708
10895	30709
10896	30710
10897	30711
10898	30712
10899	30713
10900	30714
10901	30715
10902	30716
10903	30717
10904	30718
10905	30719
10906	30720
10907	30721
10908	30722
10909	30723
10910	30724
10911	30725
10912	30726
10913	30727
10914	30728
10915	30729
10916	30730
10917	30731
10918	30732
10919	30733
10920	30734
10921	30735
10922	30736
10923	30737
10924	30738
10925	30739
10926	30740
10927	30741
10928	30742
10929	30743
10930	30744
10931	30745
10932	30746
10933	30747
10934	30748
10935	30749
10936	30750
10937	30751
10938	30752
10939	30753
10940	30754
10941	30755
10942	30756
10943	30757
10944	30758
10945	30759
10946	30760
10947	30761
10948	30762
10949	30763
10950	30764
10951	30765
10952	30766
10953	30767
10954	30768
10955	30769
10956	30770
10957	30771
10958	30772
10959	30773
10960	30774
10961	30775
10962	30776
10963	30777
10964	30778
10965	30779
10966	30780
10967	30781
10968	30782
10969	30783
10970	30784
10971	30785
10972	30786
10973	30787
10974	30788
10975	30789
10976	30790
10977	30791
10978	30792
10979	30793
10980	30794
10981	30795
10982	30796
10983	30797
10984	30798
10985	30799
10986	30800
10987	30801
10988	30802
10989	30803
10990	30804
10991	30805
10992	30806
10993	30807
10994	30808
10995	30809
10996	30810
10997	30811
10998	30812
10999	30813
11000	30814
11001	30815
11002	30816
11003	30817
11004	30818
11005	30819
11006	30820
11007	30821
11008	30822
11009	30823
11010	30824
11011	30825
11012	30826
11013	30827
11014	30828
11015	30829
11016	30830
11017	30831
11018	30832
11019	30833
11020	30834
11021	30835
11022	30836
11023	30837
11024	30838
11025	30839
11026	30840
11027	30841
11028	30842
11029	30843
11030	30844
11031	30845
11032	30846
11033	30847
11034	30848
11035	30849
11036	30850
11037	30851
11038	30852
11039	30853
11040	30854
11041	30855
11042	30856
11043	30857
11044	30858
11045	30859
11046	30860
11047	30861
11048	30862
11049	30863
11050	30864
11051	30865
11052	30866
11053	30867
11054	30868
11055	30869
11056	30870
11057	30871
11058	30872
11059	30873
11060	30874
11061	30875
11062	30876
11063	30877
11064	30878
11065	30879
11066	30880
11067	30881
11068	30882
11069	30883
11070	30884
11071	30885
11072	30886
11073	30887
11074	30888
11075	30889
11076	30890
11077	30891
11078	30892
11079	30893
11080	30894
11081	30895
11082	30896
11083	30897
11084	30898
11085	30899
11086	30900
11087	30901
11088	30902
11089	30903
11090	30904
11091	30905
11092	30906
11093	30907
11094	30908
11095	30909
11096	30910
11097	30911
11098	30912
11099	30913
11100	30914
11101	30915
11102	30916
11103	30917
11104	30918
11105	30919
11106	30920
11107	30921
11108	30922
11109	30923
11110	30924
11111	30925
11112	30926
11113	30927
11114	30928
11115	30929
11116	30930
11117	30931
11118	30932
11119	30933
11120	30934
11121	30935
11122	30936
11123	30937
11124	30938
11125	30939
11126	30940
11127	30941
11128	30942
11129	30943
11130	30944
11131	30945
11132	30946
11133	30947
11134	30948
11135	30949
11136	30950
11137	30951
11138	30952
11139	30953
11140	30954
11141	30955
11142	30956
11143	30957
11144	30958
11145	30959
11146	30960
11147	30961
11148	30962
11149	30963
11150	30964
11151	30965
11152	30966
11153	30967
11154	30968
11155	30969
11156	30970
11157	30971
11158	30972
11159	30973
11160	30974
11161	30975
11162	30976
11163	30977
11164	30978
11165	30979
11166	30980
11167	30981
11168	30982
11169	30983
11170	30984
11171	30985
11172	30986
11173	30987
11174	30988
11175	30989
11176	30990
11177	30991
11178	30992
11179	30993
11180	30994
11181	30995
11182	30996
11183	30997
11184	30998
11185	30999
11186	31000
11187	31001
11188	31002
11189	31003
11190	31004
11191	31005
11192	31006
11193	31007
11194	31008
11195	31009
11196	31010
11197	31011
11198	31012
11199	31013
11200	31014
11201	31015
11202	31016
11203	31017
11204	31018
11205	31019
11206	31020
11207	31021
11208	31022
11209	31023
11210	31024
11211	31025
11212	31026
11213	31027
11214	31028
11215	31029
11216	31030
11217	31031
11218	31032
11219	31033
11220	31034
11221	31035
11222	31036
11223	31037
11224	31038
11225	31039
11226	31040
11227	31041
11228	31042
11229	31043
11230	31044
11231	31045
11232	31046
11233	31047
11234	31048
11235	31049
11236	31050
11237	31051
11238	31052
11239	31053
11240	31054
11241	31055
11242	31056
11243	31057
11244	31058
11245	31059
11246	31060
11247	31061
11248	31062
11249	31063
11250	31064
11251	31065
11252	31066
11253	31067
11254	31068
11255	31069
11256	31070
11257	31071
11258	31072
11259	31073
11260	31074
11261	31075
11262	31076
11263	31077
11264	31078
11265	31079
11266	31080
11267	31081
11268	31082
11269	31083
11270	31084
11271	31085
11272	31086
11273	31087
11274	31088
11275	31089
11276	31090
11277	31091
11278	31092
11279	31093
11280	31094
11281	31095
11282	31096
11283	31097
11284	31098
11285	31099
11286	31100
11287	31101
11288	31102
11289	31103
11290	31104
11291	31105
11292	31106
11293	31107
11294	31108
11295	31109
11296	31110
11297	31111
11298	31112
11299	31113
11300	31114
11301	31115
11302	31116
11303	31117
11304	31118
11305	31119
11306	31120
11307	31121
11308	31122
11309	31123
11310	31124
11311	31125
11312	31126
11313	31127
11314	31128
11315	31129
11316	31130
11317	31131
11318	31132
11319	31133
11320	31134
11321	31135
11322	31136
11323	31137
11324	31138
11325	31139
11326	31140
11327	31141
11328	31142
11329	31143
11330	31144
11331	31145
11332	31146
11333	31147
11334	31148
11335	31149
11336	31150
11337	31151
11338	31152
11339	31153
11340	31154
11341	31155
11342	31156
11343	31157
11344	31158
11345	31159
11346	31160
11347	31161
11348	31162
11349	31163
11350	31164
11351	31165
11352	31166
11353	31167
11354	31168
11355	31169
11356	31170
11357	31171
11358	31172
11359	31173
11360	31174
11361	31175
11362	31176
11363	31177
11364	31178
11365	31179
11366	31180
11367	31181
11368	31182
11369	31183
11370	31184
11371	31185
11372	31186
11373	31187
11374	31188
11375	31189
11376	31190
11377	31191
11378	31192
11379	31193
11380	31194
11381	31195
11382	31196
11383	31197
11384	31198
11385	31199
11386	31200
11387	31201
11388	31202
11389	31203
11390	31204
11391	31205
11392	31206
11393	31207
11394	31208
11395	31209
11396	31210
11397	31211
11398	31212
11399	31213
11400	31214
11401	31215
11402	31216
11403	31217
11404	31218
11405	31219
11406	31220
11407	31221
11408	31222
11409	31223
11410	31224
11411	31225
11412	31226
11413	31227
11414	31228
11415	31229
11416	31230
11417	31231
11418	31232
11419	31233
11420	31234
11421	31235
11422	31236
11423	31237
11424	31238
11425	31239
11426	31240
11427	31241
11428	31242
11429	31243
11430	31244
11431	31245
11432	31246
11433	31247
11434	31248
11435	31249
11436	31250
11437	31251
11438	31252
11439	31253
11440	31254
11441	31255
11442	31256
11443	31257
11444	31258
11445	31259
11446	31260
11447	31261
11448	31262
11449	31263
11450	31264
11451	31265
11452	31266
11453	31267
11454	31268
11455	31269
11456	31270
11457	31271
11458	31272
11459	31273
11460	31274
11461	31275
11462	31276
11463	31277
11464	31278
11465	31279
11466	31280
11467	31281
11468	31282
11469	31283
11470	31284
11471	31285
11472	31286
11473	31287
11474	31288
11475	31289
11476	31290
11477	31291
11478	31292
11479	31293
11480	31294
11481	31295
11482	31296
11483	31297
11484	31298
11485	31299
11486	31300
11487	31301
11488	31302
11489	31303
11490	31304
11491	31305
11492	31306
11493	31307
11494	31308
11495	31309
11496	31310
11497	31311
11498	31312
11499	31313
11500	31314
11501	31315
11502	31316
11503	31317
11504	31318
11505	31319
11506	31320
11507	31321
11508	31322
11509	31323
11510	31324
11511	31325
11512	31326
11513	31327
11514	31328
11515	31329
11516	31330
11517	31331
11518	31332
11519	31333
11520	31334
11521	31335
11522	31336
11523	31337
11524	31338
11525	31339
11526	31340
11527	31341
11528	31342
11529	31343
11530	31344
11531	31345
11532	31346
11533	31347
11534	31348
11535	31349
11536	31350
11537	31351
11538	31352
11539	31353
11540	31354
11541	31355
11542	31356
11543	31357
11544	31358
11545	31359
11546	31360
11547	31361
11548	31362
11549	31363
11550	31364
11551	31365
11552	31366
11553	31367
11554	31368
11555	31369
11556	31370
11557	31371
11558	31372
11559	31373
11560	31374
11561	31375
11562	31376
11563	31377
11564	31378
11565	31379
11566	31380
11567	31381
11568	31382
11569	31383
11570	31384
11571	31385
11572	31386
11573	31387
11574	31388
11575	31389
11576	31390
11577	31391
11578	31392
11579	31393
11580	31394
11581	31395
11582	31396
11583	31397
11584	31398
11585	31399
11586	31400
11587	31401
11588	31402
11589	31403
11590	31404
11591	31405
11592	31406
11593	31407
11594	31408
11595	31409
11596	31410
11597	31411
11598	31412
11599	31413
11600	31414
11601	31415
11602	31416
11603	31417
11604	31418
11605	31419
11606	31420
11607	31421
11608	31422
11609	31423
11610	31424
11611	31425
11612	31426
11613	31427
11614	31428
11615	31429
11616	31430
11617	31431
11618	31432
11619	31433
11620	31434
11621	31435
11622	31436
11623	31437
11624	31438
11625	31439
11626	31440
11627	31441
11628	31442
11629	31443
11630	31444
11631	31445
11632	31446
11633	31447
11634	31448
11635	31449
11636	31450
11637	31451
11638	31452
11639	31453
11640	31454
11641	31455
11642	31456
11643	31457
11644	31458
11645	31459
11646	31460
11647	31461
11648	31462
11649	31463
11650	31464
11651	31465
11652	31466
11653	31467
11654	31468
11655	31469
11656	31470
11657	31471
11658	31472
11659	31473
11660	31474
11661	31475
11662	31476
11663	31477
11664	31478
11665	31479
11666	31480
11667	31481
11668	31482
11669	31483
11670	31484
11671	31485
11672	31486
11673	31487
11674	31488
11675	31489
11676	31490
11677	31491
11678	31492
11679	31493
11680	31494
11681	31495
11682	31496
11683	31497
11684	31498
11685	31499
11686	31500
11687	31501
11688	31502
11689	31503
11690	31504
11691	31505
11692	31506
11693	31507
11694	31508
11695	31509
11696	31510
11697	31511
11698	31512
11699	31513
11700	31514
11701	31515
11702	31516
11703	31517
11704	31518
11705	31519
11706	31520
11707	31521
11708	31522
11709	31523
11710	31524
11711	31525
11712	31526
11713	31527
11714	31528
11715	31529
11716	31530
11717	31531
11718	31532
11719	31533
11720	31534
11721	31535
11722	31536
11723	31537
11724	31538
11725	31539
11726	31540
11727	31541
11728	31542
11729	31543
11730	31544
11731	31545
11732	31546
11733	31547
11734	31548
11735	31549
11736	31550
11737	31551
11738	31552
11739	31553
11740	31554
11741	31555
11742	31556
11743	31557
11744	31558
11745	31559
11746	31560
11747	31561
11748	31562
11749	31563
11750	31564
11751	31565
11752	31566
11753	31567
11754	31568
11755	31569
11756	31570
11757	31571
11758	31572
11759	31573
11760	31574
11761	31575
11762	31576
11763	31577
11764	31578
11765	31579
11766	31580
11767	31581
11768	31582
11769	31583
11770	31584
11771	31585
11772	31586
11773	31587
11774	31588
11775	31589
11776	31590
11777	31591
11778	31592
11779	31593
11780	31594
11781	31595
11782	31596
11783	31597
11784	31598
11785	31599
11786	31600
11787	31601
11788	31602
11789	31603
11790	31604
11791	31605
11792	31606
11793	31607
11794	31608
11795	31609
11796	31610
11797	31611
11798	31612
11799	31613
11800	31614
11801	31615
11802	31616
11803	31617
11804	31618
11805	31619
11806	31620
11807	31621
11808	31622
11809	31623
11810	31624
11811	31625
11812	31626
11813	31627
11814	31628
11815	31629
11816	31630
11817	31631
11818	31632
11819	31633
11820	31634
11821	31635
11822	31636
11823	31637
11824	31638
11825	31639
11826	31640
11827	31641
11828	31642
11829	31643
11830	31644
11831	31645
11832	31646
11833	31647
11834	31648
11835	31649
11836	31650
11837	31651
11838	31652
11839	31653
11840	31654
11841	31655
11842	31656
11843	31657
11844	31658
11845	31659
11846	31660
11847	31661
11848	31662
11849	31663
11850	31664
11851	31665
11852	31666
11853	31667
11854	31668
11855	31669
11856	31670
11857	31671
11858	31672
11859	31673
11860	31674
11861	31675
11862	31676
11863	31677
11864	31678
11865	31679
11866	31680
11867	31681
11868	31682
11869	31683
11870	31684
11871	31685
11872	31686
11873	31687
11874	31688
11875	31689
11876	31690
11877	31691
11878	31692
11879	31693
11880	31694
11881	31695
11882	31696
11883	31697
11884	31698
11885	31699
11886	31700
11887	31701
11888	31702
11889	31703
11890	31704
11891	31705
11892	31706
11893	31707
11894	31708
11895	31709
11896	31710
11897	31711
11898	31712
11899	31713
11900	31714
11901	31715
11902	31716
11903	31717
11904	31718
11905	31719
11906	31720
11907	31721
11908	31722
11909	31723
11910	31724
11911	31725
11912	31726
11913	31727
11914	31728
11915	31729
11916	31730
11917	31731
11918	31732
11919	31733
11920	31734
11921	31735
11922	31736
11923	31737
11924	31738
11925	31739
11926	31740
11927	31741
11928	31742
11929	31743
11930	31744
11931	31745
11932	31746
11933	31747
11934	31748
11935	31749
11936	31750
11937	31751
11938	31752
11939	31753
11940	31754
11941	31755
11942	31756
11943	31757
11944	31758
11945	31759
11946	31760
11947	31761
11948	31762
11949	31763
11950	31764
11951	31765
11952	31766
11953	31767
11954	31768
11955	31769
11956	31770
11957	31771
11958	31772
11959	31773
11960	31774
11961	31775
11962	31776
11963	31777
11964	31778
11965	31779
11966	31780
11967	31781
11968	31782
11969	31783
11970	31784
11971	31785
11972	31786
11973	31787
11974	31788
11975	31789
11976	31790
11977	31791
11978	31792
11979	31793
11980	31794
11981	31795
11982	31796
11983	31797
11984	31798
11985	31799
11986	31800
11987	31801
11988	31802
11989	31803
11990	31804
11991	31805
11992	31806
11993	31807
11994	31808
11995	31809
11996	31810
11997	31811
11998	31812
11999	31813
12000	31814
12001	31815
12002	31816
12003	31817
12004	31818
12005	31819
12006	31820
12007	31821
12008	31822
12009	31823
12010	31824
12011	31825
12012	31826
12013	31827
12014	31828
12015	31829
12016	31830
12017	31831
12018	31832
12019	31833
12020	31834
12021	31835
12022	31836
12023	31837
12024	31838
12025	31839
12026	31840
12027	31841
12028	31842
12029	31843
12030	31844
12031	31845
12032	31846
12033	31847
12034	31848
12035	31849
12036	31850
12037	31851
12038	31852
12039	31853
12040	31854
12041	31855
12042	31856
12043	31857
12044	31858
12045	31859
12046	31860
12047	31861
12048	31862
12049	31863
12050	31864
12051	31865
12052	31866
12053	31867
12054	31868
12055	31869
12056	31870
12057	31871
12058	31872
12059	31873
12060	31874
12061	31875
12062	31876
12063	31877
12064	31878
12065	31879
12066	31880
12067	31881
12068	31882
12069	31883
12070	31884
12071	31885
12072	31886
12073	31887
12074	31888
12075	31889
12076	31890
12077	31891
12078	31892
12079	31893
12080	31894
12081	31895
12082	31896
12083	31897
12084	31898
12085	31899
12086	31900
12087	31901
12088	31902
12089	31903
12090	31904
12091	31905
12092	31906
12093	31907
12094	31908
12095	31909
12096	31910
12097	31911
12098	31912
12099	31913
12100	31914
12101	31915
12102	31916
12103	31917
12104	31918
12105	31919
12106	31920
12107	31921
12108	31922
12109	31923
12110	31924
12111	31925
12112	31926
12113	31927
12114	31928
12115	31929
12116	31930
12117	31931
12118	31932
12119	31933
12120	31934
12121	31935
12122	31936
12123	31937
12124	31938
12125	31939
12126	31940
12127	31941
12128	31942
12129	31943
12130	31944
12131	31945
12132	31946
12133	31947
12134	31948
12135	31949
12136	31950
12137	31951
12138	31952
12139	31953
12140	31954
12141	31955
12142	31956
12143	31957
12144	31958
12145	31959
12146	31960
12147	31961
12148	31962
12149	31963
12150	31964
12151	31965
12152	31966
12153	31967
12154	31968
12155	31969
12156	31970
12157	31971
12158	31972
12159	31973
12160	31974
12161	31975
12162	31976
12163	31977
12164	31978
12165	31979
12166	31980
12167	31981
12168	31982
12169	31983
12170	31984
12171	31985
12172	31986
12173	31987
12174	31988
12175	31989
12176	31990
12177	31991
12178	31992
12179	31993
12180	31994
12181	31995
12182	31996
12183	31997
12184	31998
12185	31999
12186	32000
12187	32001
12188	32002
12189	32003
12190	32004
12191	32005
12192	32006
12193	32007
12194	32008
12195	32009
12196	32010
12197	32011
12198	32012
12199	32013
12200	32014
12201	32015
12202	32016
12203	32017
12204	32018
12205	32019
12206	32020
12207	32021
12208	32022
12209	32023
12210	32024
12211	32025
12212	32026
12213	32027
12214	32028
12215	32029
12216	32030
12217	32031
12218	32032
12219	32033
12220	32034
12221	32035
12222	32036
12223	32037
12224	32038
12225	32039
12226	32040
12227	32041
12228	32042
12229	32043
12230	32044
12231	32045
12232	32046
12233	32047
12234	32048
12235	32049
12236	32050
12237	32051
12238	32052
12239	32053
12240	32054
12241	32055
12242	32056
12243	32057
12244	32058
12245	32059
12246	32060
12247	32061
12248	32062
12249	32063
12250	32064
12251	32065
12252	32066
12253	32067
12254	32068
12255	32069
12256	32070
12257	32071
12258	32072
12259	32073
12260	32074
12261	32075
12262	32076
12263	32077
12264	32078
12265	32079
12266	32080
12267	32081
12268	32082
12269	32083
12270	32084
12271	32085
12272	32086
12273	32087
12274	32088
12275	32089
12276	32090
12277	32091
12278	32092
12279	32093
12280	32094
12281	32095
12282	32096
12283	32097
12284	32098
12285	32099
12286	32100
12287	32101
12288	32102
12289	32103
12290	32104
12291	32105
12292	32106
12293	32107
12294	32108
12295	32109
12296	32110
12297	32111
12298	32112
12299	32113
12300	32114
12301	32115
12302	32116
12303	32117
12304	32118
12305	32119
12306	32120
12307	32121
12308	32122
12309	32123
12310	32124
12311	32125
12312	32126
12313	32127
12314	32128
12315	32129
12316	32130
12317	32131
12318	32132
12319	32133
12320	32134
12321	32135
12322	32136
12323	32137
12324	32138
12325	32139
12326	32140
12327	32141
12328	32142
12329	32143
12330	32144
12331	32145
12332	32146
12333	32147
12334	32148
12335	32149
12336	32150
12337	32151
12338	32152
12339	32153
12340	32154
12341	32155
12342	32156
12343	32157
12344	32158
12345	32159
12346	32160
12347	32161
12348	32162
12349	32163
12350	32164
12351	32165
12352	32166
12353	32167
12354	32168
12355	32169
12356	32170
12357	32171
12358	32172
12359	32173
12360	32174
12361	32175
12362	32176
12363	32177
12364	32178
12365	32179
12366	32180
12367	32181
12368	32182
12369	32183
12370	32184
12371	32185
12372	32186
12373	32187
12374	32188
12375	32189
12376	32190
12377	32191
12378	32192
12379	32193
12380	32194
12381	32195
12382	32196
12383	32197
12384	32198
12385	32199
12386	32200
12387	32201
12388	32202
12389	32203
12390	32204
12391	32205
12392	32206
12393	32207
12394	32208
12395	32209
12396	32210
12397	32211
12398	32212
12399	32213
12400	32214
12401	32215
12402	32216
12403	32217
12404	32218
12405	32219
12406	32220
12407	32221
12408	32222
12409	32223
12410	32224
12411	32225
12412	32226
12413	32227
12414	32228
12415	32229
12416	32230
12417	32231
12418	32232
12419	32233
12420	32234
12421	32235
12422	32236
12423	32237
12424	32238
12425	32239
12426	32240
12427	32241
12428	32242
12429	32243
12430	32244
12431	32245
12432	32246
12433	32247
12434	32248
12435	32249
12436	32250
12437	32251
12438	32252
12439	32253
12440	32254
12441	32255
12442	32256
12443	32257
12444	32258
12445	32259
12446	32260
12447	32261
12448	32262
12449	32263
12450	32264
12451	32265
12452	32266
12453	32267
12454	32268
12455	32269
12456	32270
12457	32271
12458	32272
12459	32273
12460	32274
12461	32275
12462	32276
12463	32277
12464	32278
12465	32279
12466	32280
12467	32281
12468	32282
12469	32283
12470	32284
12471	32285
12472	32286
12473	32287
12474	32288
12475	32289
12476	32290
12477	32291
12478	32292
12479	32293
12480	32294
12481	32295
12482	32296
12483	32297
12484	32298
12485	32299
12486	32300
12487	32301
12488	32302
12489	32303
12490	32304
12491	32305
12492	32306
12493	32307
12494	32308
12495	32309
12496	32310
12497	32311
12498	32312
12499	32313
12500	32314
12501	32315
12502	32316
12503	32317
12504	32318
12505	32319
12506	32320
12507	32321
12508	32322
12509	32323
12510	32324
12511	32325
12512	32326
12513	32327
12514	32328
12515	32329
12516	32330
12517	32331
12518	32332
12519	32333
12520	32334
12521	32335
12522	32336
12523	32337
12524	32338
12525	32339
12526	32340
12527	32341
12528	32342
12529	32343
12530	32344
12531	32345
12532	32346
12533	32347
12534	32348
12535	32349
12536	32350
12537	32351
12538	32352
12539	32353
12540	32354
12541	32355
12542	32356
12543	32357
12544	32358
12545	32359
12546	32360
12547	32361
12548	32362
12549	32363
12550	32364
12551	32365
12552	32366
12553	32367
12554	32368
12555	32369
12556	32370
12557	32371
12558	32372
12559	32373
12560	32374
12561	32375
12562	32376
12563	32377
12564	32378
12565	32379
12566	32380
12567	32381
12568	32382
12569	32383
12570	32384
12571	32385
12572	32386
12573	32387
12574	32388
12575	32389
12576	32390
12577	32391
12578	32392
12579	32393
12580	32394
12581	32395
12582	32396
12583	32397
12584	32398
12585	32399
12586	32400
12587	32401
12588	32402
12589	32403
12590	32404
12591	32405
12592	32406
12593	32407
12594	32408
12595	32409
12596	32410
12597	32411
12598	32412
12599	32413
12600	32414
12601	32415
12602	32416
12603	32417
12604	32418
12605	32419
12606	32420
12607	32421
12608	32422
12609	32423
12610	32424
12611	32425
12612	32426
12613	32427
12614	32428
12615	32429
12616	32430
12617	32431
12618	32432
12619	32433
12620	32434
12621	32435
12622	32436
12623	32437
12624	32438
12625	32439
12626	32440
12627	32441
12628	32442
12629	32443
12630	32444
12631	32445
12632	32446
12633	32447
12634	32448
12635	32449
12636	32450
12637	32451
12638	32452
12639	32453
12640	32454
12641	32455
12642	32456
12643	32457
12644	32458
12645	32459
12646	32460
12647	32461
12648	32462
12649	32463
12650	32464
12651	32465
12652	32466
12653	32467
12654	32468
12655	32469
12656	32470
12657	32471
12658	32472
12659	32473
12660	32474
12661	32475
12662	32476
12663	32477
12664	32478
12665	32479
12666	32480
12667	32481
12668	32482
12669	32483
12670	32484
12671	32485
12672	32486
12673	32487
12674	32488
12675	32489
12676	32490
12677	32491
12678	32492
12679	32493
12680	32494
12681	32495
12682	32496
12683	32497
12684	32498
12685	32499
12686	32500
12687	32501
12688	32502
12689	32503
12690	32504
12691	32505
12692	32506
12693	32507
12694	32508
12695	32509
12696	32510
12697	32511
12698	32512
12699	32513
12700	32514
12701	32515
12702	32516
12703	32517
12704	32518
12705	32519
12706	32520
12707	32521
12708	32522
12709	32523
12710	32524
12711	32525
12712	32526
12713	32527
12714	32528
12715	32529
12716	32530
12717	32531
12718	32532
12719	32533
12720	32534
12721	32535
12722	32536
12723	32537
12724	32538
12725	32539
12726	32540
12727	32541
12728	32542
12729	32543
12730	32544
12731	32545
12732	32546
12733	32547
12734	32548
12735	32549
12736	32550
12737	32551
12738	32552
12739	32553
12740	32554
12741	32555
12742	32556
12743	32557
12744	32558
12745	32559
12746	32560
12747	32561
12748	32562
12749	32563
12750	32564
12751	32565
12752	32566
12753	32567
12754	32568
12755	32569
12756	32570
12757	32571
12758	32572
12759	32573
12760	32574
12761	32575
12762	32576
12763	32577
12764	32578
12765	32579
12766	32580
12767	32581
12768	32582
12769	32583
12770	32584
12771	32585
12772	32586
12773	32587
12774	32588
12775	32589
12776	32590
12777	32591
12778	32592
12779	32593
12780	32594
12781	32595
12782	32596
12783	32597
12784	32598
12785	32599
12786	32600
12787	32601
12788	32602
12789	32603
12790	32604
12791	32605
12792	32606
12793	32607
12794	32608
12795	32609
12796	32610
12797	32611
12798	32612
12799	32613
12800	32614
12801	32615
12802	32616
12803	32617
12804	32618
12805	32619
12806	32620
12807	32621
12808	32622
12809	32623
12810	32624
12811	32625
12812	32626
12813	32627
12814	32628
12815	32629
12816	32630
12817	32631
12818	32632
12819	32633
12820	32634
12821	32635
12822	32636
12823	32637
12824	32638
12825	32639
12826	32640
12827	32641
12828	32642
12829	32643
12830	32644
12831	32645
12832	32646
12833	32647
12834	32648
12835	32649
12836	32650
12837	32651
12838	32652
12839	32653
12840	32654
12841	32655
12842	32656
12843	32657
12844	32658
12845	32659
12846	32660
12847	32661
12848	32662
12849	32663
12850	32664
12851	32665
12852	32666
12853	32667
12854	32668
12855	32669
12856	32670
12857	32671
12858	32672
12859	32673
12860	32674
12861	32675
12862	32676
12863	32677
12864	32678
12865	32679
12866	32680
12867	32681
12868	32682
12869	32683
12870	32684
12871	32685
12872	32686
12873	32687
12874	32688
12875	32689
12876	32690
12877	32691
12878	32692
12879	32693
12880	32694
12881	32695
12882	32696
12883	32697
12884	32698
12885	32699
12886	32700
12887	32701
12888	32702
12889	32703
12890	32704
12891	32705
12892	32706
12893	32707
12894	32708
12895	32709
12896	32710
12897	32711
12898	32712
12899	32713
12900	32714
12901	32715
12902	32716
12903	32717
12904	32718
12905	32719
12906	32720
12907	32721
12908	32722
12909	32723
12910	32724
12911	32725
12912	32726
12913	32727
12914	32728
12915	32729
12916	32730
12917	32731
12918	32732
12919	32733
12920	32734
12921	32735
12922	32736
12923	32737
12924	32738
12925	32739
12926	32740
12927	32741
12928	32742
12929	32743
12930	32744
12931	32745
12932	32746
12933	32747
12934	32748
12935	32749
12936	32750
12937	32751
12938	32752
12939	32753
12940	32754
12941	32755
12942	32756
12943	32757
12944	32758
12945	32759
12946	32760
12947	32761
12948	32762
12949	32763
12950	32764
12951	32765
12952	32766
12953	32767
12954	32768
12955	32769
12956	32770
12957	32771
12958	32772
12959	32773
12960	32774
12961	32775
12962	32776
12963	32777
12964	32778
12965	32779
12966	32780
12967	32781
12968	32782
12969	32783
12970	32784
12971	32785
12972	32786
12973	32787
12974	32788
12975	32789
12976	32790
12977	32791
12978	32792
12979	32793
12980	32794
12981	32795
12982	32796
12983	32797
12984	32798
12985	32799
12986	32800
12987	32801
12988	32802
12989	32803
12990	32804
12991	32805
12992	32806
12993	32807
12994	32808
12995	32809
12996	32810
12997	32811
12998	32812
12999	32813
13000	32814
13001	32815
13002	32816
13003	32817
13004	32818
13005	32819
13006	32820
13007	32821
13008	32822
13009	32823
13010	32824
13011	32825
13012	32826
13013	32827
13014	32828
13015	32829
13016	32830
13017	32831
13018	32832
13019	32833
13020	32834
13021	32835
13022	32836
13023	32837
13024	32838
13025	32839
13026	32840
13027	32841
13028	32842
13029	32843
13030	32844
13031	32845
13032	32846
13033	32847
13034	32848
13035	32849
13036	32850
13037	32851
13038	32852
13039	32853
13040	32854
13041	32855
13042	32856
13043	32857
13044	32858
13045	32859
13046	32860
13047	32861
13048	32862
13049	32863
13050	32864
13051	32865
13052	32866
13053	32867
13054	32868
13055	32869
13056	32870
13057	32871
13058	32872
13059	32873
13060	32874
13061	32875
13062	32876
13063	32877
13064	32878
13065	32879
13066	32880
13067	32881
13068	32882
13069	32883
13070	32884
13071	32885
13072	32886
13073	32887
13074	32888
13075	32889
13076	32890
13077	32891
13078	32892
13079	32893
13080	32894
13081	32895
13082	32896
13083	32897
13084	32898
13085	32899
13086	32900
13087	32901
13088	32902
13089	32903
13090	32904
13091	32905
13092	32906
13093	32907
13094	32908
13095	32909
13096	32910
13097	32911
13098	32912
13099	32913
13100	32914
13101	32915
13102	32916
13103	32917
13104	32918
13105	32919
13106	32920
13107	32921
13108	32922
13109	32923
13110	32924
13111	32925
13112	32926
13113	32927
13114	32928
13115	32929
13116	32930
13117	32931
13118	32932
13119	32933
13120	32934
13121	32935
13122	32936
13123	32937
13124	32938
13125	32939
13126	32940
13127	32941
13128	32942
13129	32943
13130	32944
13131	32945
13132	32946
13133	32947
13134	32948
13135	32949
13136	32950
13137	32951
13138	32952
13139	32953
13140	32954
13141	32955
13142	32956
13143	32957
13144	32958
13145	32959
13146	32960
13147	32961
13148	32962
13149	32963
13150	32964
13151	32965
13152	32966
13153	32967
13154	32968
13155	32969
13156	32970
13157	32971
13158	32972
13159	32973
13160	32974
13161	32975
13162	32976
13163	32977
13164	32978
13165	32979
13166	32980
13167	32981
13168	32982
13169	32983
13170	32984
13171	32985
13172	32986
13173	32987
13174	32988
13175	32989
13176	32990
13177	32991
13178	32992
13179	32993
13180	32994
13181	32995
13182	32996
13183	32997
13184	32998
13185	32999
13186	33000
13187	33001
13188	33002
13189	33003
13190	33004
13191	33005
13192	33006
13193	33007
13194	33008
13195	33009
13196	33010
13197	33011
13198	33012
13199	33013
13200	33014
13201	33015
13202	33016
13203	33017
13204	33018
13205	33019
13206	33020
13207	33021
13208	33022
13209	33023
13210	33024
13211	33025
13212	33026
13213	33027
13214	33028
13215	33029
13216	33030
13217	33031
13218	33032
13219	33033
13220	33034
13221	33035
13222	33036
13223	33037
13224	33038
13225	33039
13226	33040
13227	33041
13228	33042
13229	33043
13230	33044
13231	33045
13232	33046
13233	33047
13234	33048
13235	33049
13236	33050
13237	33051
13238	33052
13239	33053
13240	33054
13241	33055
13242	33056
13243	33057
13244	33058
13245	33059
13246	33060
13247	33061
13248	33062
13249	33063
13250	33064
13251	33065
13252	33066
13253	33067
13254	33068
13255	33069
13256	33070
13257	33071
13258	33072
13259	33073
13260	33074
13261	33075
13262	33076
13263	33077
13264	33078
13265	33079
13266	33080
13267	33081
13268	33082
13269	33083
13270	33084
13271	33085
13272	33086
13273	33087
13274	33088
13275	33089
13276	33090
13277	33091
13278	33092
13279	33093
13280	33094
13281	33095
13282	33096
13283	33097
13284	33098
13285	33099
13286	33100
13287	33101
13288	33102
13289	33103
13290	33104
13291	33105
13292	33106
13293	33107
13294	33108
13295	33109
13296	33110
13297	33111
13298	33112
13299	33113
13300	33114
13301	33115
13302	33116
13303	33117
13304	33118
13305	33119
13306	33120
13307	33121
13308	33122
13309	33123
13310	33124
13311	33125
13312	33126
13313	33127
13314	33128
13315	33129
13316	33130
13317	33131
13318	33132
13319	33133
13320	33134
13321	33135
13322	33136
13323	33137
13324	33138
13325	33139
13326	33140
13327	33141
13328	33142
13329	33143
13330	33144
13331	33145
13332	33146
13333	33147
13334	33148
13335	33149
13336	33150
13337	33151
13338	33152
13339	33153
13340	33154
13341	33155
13342	33156
13343	33157
13344	33158
13345	33159
13346	33160
13347	33161
13348	33162
13349	33163
13350	33164
13351	33165
13352	33166
13353	33167
13354	33168
13355	33169
13356	33170
13357	33171
13358	33172
13359	33173
13360	33174
13361	33175
13362	33176
13363	33177
13364	33178
13365	33179
13366	33180
13367	33181
13368	33182
13369	33183
13370	33184
13371	33185
13372	33186
13373	33187
13374	33188
13375	33189
13376	33190
13377	33191
13378	33192
13379	33193
13380	33194
13381	33195
13382	33196
13383	33197
13384	33198
13385	33199
13386	33200
13387	33201
13388	33202
13389	33203
13390	33204
13391	33205
13392	33206
13393	33207
13394	33208
13395	33209
13396	33210
13397	33211
13398	33212
13399	33213
13400	33214
13401	33215
13402	33216
13403	33217
13404	33218
13405	33219
13406	33220
13407	33221
13408	33222
13409	33223
13410	33224
13411	33225
13412	33226
13413	33227
13414	33228
13415	33229
13416	33230
13417	33231
13418	33232
13419	33233
13420	33234
13421	33235
13422	33236
13423	33237
13424	33238
13425	33239
13426	33240
13427	33241
13428	33242
13429	33243
13430	33244
13431	33245
13432	33246
13433	33247
13434	33248
13435	33249
13436	33250
13437	33251
13438	33252
13439	33253
13440	33254
13441	33255
13442	33256
13443	33257
13444	33258
13445	33259
13446	33260
13447	33261
13448	33262
13449	33263
13450	33264
13451	33265
13452	33266
13453	33267
13454	33268
13455	33269
13456	33270
13457	33271
13458	33272
13459	33273
13460	33274
13461	33275
13462	33276
13463	33277
13464	33278
13465	33279
13466	33280
13467	33281
13468	33282
13469	33283
13470	33284
13471	33285
13472	33286
13473	33287
13474	33288
13475	33289
13476	33290
13477	33291
13478	33292
13479	33293
13480	33294
13481	33295
13482	33296
13483	33297
13484	33298
13485	33299
13486	33300
13487	33301
13488	33302
13489	33303
13490	33304
13491	33305
13492	33306
13493	33307
13494	33308
13495	33309
13496	33310
13497	33311
13498	33312
13499	33313
13500	33314
13501	33315
13502	33316
13503	33317
13504	33318
13505	33319
13506	33320
13507	33321
13508	33322
13509	33323
13510	33324
13511	33325
13512	33326
13513	33327
13514	33328
13515	33329
13516	33330
13517	33331
13518	33332
13519	33333
13520	33334
13521	33335
13522	33336
13523	33337
13524	33338
13525	33339
13526	33340
13527	33341
13528	33342
13529	33343
13530	33344
13531	33345
13532	33346
13533	33347
13534	33348
13535	33349
13536	33350
13537	33351
13538	33352
13539	33353
13540	33354
13541	33355
13542	33356
13543	33357
13544	33358
13545	33359
13546	33360
13547	33361
13548	33362
13549	33363
13550	33364
13551	33365
13552	33366
13553	33367
13554	33368
13555	33369
13556	33370
13557	33371
13558	33372
13559	33373
13560	33374
13561	33375
13562	33376
13563	33377
13564	33378
13565	33379
13566	33380
13567	33381
13568	33382
13569	33383
13570	33384
13571	33385
13572	33386
13573	33387
13574	33388
13575	33389
13576	33390
13577	33391
13578	33392
13579	33393
13580	33394
13581	33395
13582	33396
13583	33397
13584	33398
13585	33399
13586	33400
13587	33401
13588	33402
13589	33403
13590	33404
13591	33405
13592	33406
13593	33407
13594	33408
13595	33409
13596	33410
13597	33411
13598	33412
13599	33413
13600	33414
13601	33415
13602	33416
13603	33417
13604	33418
13605	33419
13606	33420
13607	33421
13608	33422
13609	33423
13610	33424
13611	33425
13612	33426
13613	33427
13614	33428
13615	33429
13616	33430
13617	33431
13618	33432
13619	33433
13620	33434
13621	33435
13622	33436
13623	33437
13624	33438
13625	33439
13626	33440
13627	33441
13628	33442
13629	33443
13630	33444
13631	33445
13632	33446
13633	33447
13634	33448
13635	33449
13636	33450
13637	33451
13638	33452
13639	33453
13640	33454
13641	33455
13642	33456
13643	33457
13644	33458
13645	33459
13646	33460
13647	33461
13648	33462
13649	33463
13650	33464
13651	33465
13652	33466
13653	33467
13654	33468
13655	33469
13656	33470
13657	33471
13658	33472
13659	33473
13660	33474
13661	33475
13662	33476
13663	33477
13664	33478
13665	33479
13666	33480
13667	33481
13668	33482
13669	33483
13670	33484
13671	33485
13672	33486
13673	33487
13674	33488
13675	33489
13676	33490
13677	33491
13678	33492
13679	33493
13680	33494
13681	33495
13682	33496
13683	33497
13684	33498
13685	33499
13686	33500
13687	33501
13688	33502
13689	33503
13690	33504
13691	33505
13692	33506
13693	33507
13694	33508
13695	33509
13696	33510
13697	33511
13698	33512
13699	33513
13700	33514
13701	33515
13702	33516
13703	33517
13704	33518
13705	33519
13706	33520
13707	33521
13708	33522
13709	33523
13710	33524
13711	33525
13712	33526
13713	33527
13714	33528
13715	33529
13716	33530
13717	33531
13718	33532
13719	33533
13720	33534
13721	33535
13722	33536
13723	33537
13724	33538
13725	33539
13726	33540
13727	33541
13728	33542
13729	33543
13730	33544
13731	33545
13732	33546
13733	33547
13734	33548
13735	33549
13736	33550
13737	33551
13738	33552
13739	33553
13740	33554
13741	33555
13742	33556
13743	33557
13744	33558
13745	33559
13746	33560
13747	33561
13748	33562
13749	33563
13750	33564
13751	33565
13752	33566
13753	33567
13754	33568
13755	33569
13756	33570
13757	33571
13758	33572
13759	33573
13760	33574
13761	33575
13762	33576
13763	33577
13764	33578
13765	33579
13766	33580
13767	33581
13768	33582
13769	33583
13770	33584
13771	33585
13772	33586
13773	33587
13774	33588
13775	33589
13776	33590
13777	33591
13778	33592
13779	33593
13780	33594
13781	33595
13782	33596
13783	33597
13784	33598
13785	33599
13786	33600
13787	33601
13788	33602
13789	33603
13790	33604
13791	33605
13792	33606
13793	33607
13794	33608
13795	33609
13796	33610
13797	33611
13798	33612
13799	33613
13800	33614
13801	33615
13802	33616
13803	33617
13804	33618
13805	33619
13806	33620
13807	33621
13808	33622
13809	33623
13810	33624
13811	33625
13812	33626
13813	33627
13814	33628
13815	33629
13816	33630
13817	33631
13818	33632
13819	33633
13820	33634
13821	33635
13822	33636
13823	33637
13824	33638
13825	33639
13826	33640
13827	33641
13828	33642
13829	33643
13830	33644
13831	33645
13832	33646
13833	33647
13834	33648
13835	33649
13836	33650
13837	33651
13838	33652
13839	33653
13840	33654
13841	33655
13842	33656
13843	33657
13844	33658
13845	33659
13846	33660
13847	33661
13848	33662
13849	33663
13850	33664
13851	33665
13852	33666
13853	33667
13854	33668
13855	33669
13856	33670
13857	33671
13858	33672
13859	33673
13860	33674
13861	33675
13862	33676
13863	33677
13864	33678
13865	33679
13866	33680
13867	33681
13868	33682
13869	33683
13870	33684
13871	33685
13872	33686
13873	33687
13874	33688
13875	33689
13876	33690
13877	33691
13878	33692
13879	33693
13880	33694
13881	33695
13882	33696
13883	33697
13884	33698
13885	33699
13886	33700
13887	33701
13888	33702
13889	33703
13890	33704
13891	33705
13892	33706
13893	33707
13894	33708
13895	33709
13896	33710
13897	33711
13898	33712
13899	33713
13900	33714
13901	33715
13902	33716
13903	33717
13904	33718
13905	33719
13906	33720
13907	33721
13908	33722
13909	33723
13910	33724
13911	33725
13912	33726
13913	33727
13914	33728
13915	33729
13916	33730
13917	33731
13918	33732
13919	33733
13920	33734
13921	33735
13922	33736
13923	33737
13924	33738
13925	33739
13926	33740
13927	33741
13928	33742
13929	33743
13930	33744
13931	33745
13932	33746
13933	33747
13934	33748
13935	33749
13936	33750
13937	33751
13938	33752
13939	33753
13940	33754
13941	33755
13942	33756
13943	33757
13944	33758
13945	33759
13946	33760
13947	33761
13948	33762
13949	33763
13950	33764
13951	33765
13952	33766
13953	33767
13954	33768
13955	33769
13956	33770
13957	33771
13958	33772
13959	33773
13960	33774
13961	33775
13962	33776
13963	33777
13964	33778
13965	33779
13966	33780
13967	33781
13968	33782
13969	33783
13970	33784
13971	33785
13972	33786
13973	33787
13974	33788
13975	33789
13976	33790
13977	33791
13978	33792
13979	33793
13980	33794
13981	33795
13982	33796
13983	33797
13984	33798
13985	33799
13986	33800
13987	33801
13988	33802
13989	33803
13990	33804
13991	33805
13992	33806
13993	33807
13994	33808
13995	33809
13996	33810
13997	33811
13998	33812
13999	33813
14000	33814
14001	33815
14002	33816
14003	33817
14004	33818
14005	33819
14006	33820
14007	33821
14008	33822
14009	33823
14010	33824
14011	33825
14012	33826
14013	33827
14014	33828
14015	33829
14016	33830
14017	33831
14018	33832
14019	33833
14020	33834
14021	33835
14022	33836
14023	33837
14024	33838
14025	33839
14026	33840
14027	33841
14028	33842
14029	33843
14030	33844
14031	33845
14032	33846
14033	33847
14034	33848
14035	33849
14036	33850
14037	33851
14038	33852
14039	33853
14040	33854
14041	33855
14042	33856
14043	33857
14044	33858
14045	33859
14046	33860
14047	33861
14048	33862
14049	33863
14050	33864
14051	33865
14052	33866
14053	33867
14054	33868
14055	33869
14056	33870
14057	33871
14058	33872
14059	33873
14060	33874
14061	33875
14062	33876
14063	33877
14064	33878
14065	33879
14066	33880
14067	33881
14068	33882
14069	33883
14070	33884
14071	33885
14072	33886
14073	33887
14074	33888
14075	33889
14076	33890
14077	33891
14078	33892
14079	33893
14080	33894
14081	33895
14082	33896
14083	33897
14084	33898
14085	33899
14086	33900
14087	33901
14088	33902
14089	33903
14090	33904
14091	33905
14092	33906
14093	33907
14094	33908
14095	33909
14096	33910
14097	33911
14098	33912
14099	33913
14100	33914
14101	33915
14102	33916
14103	33917
14104	33918
14105	33919
14106	33920
14107	33921
14108	33922
14109	33923
14110	33924
14111	33925
14112	33926
14113	33927
14114	33928
14115	33929
14116	33930
14117	33931
14118	33932
14119	33933
14120	33934
14121	33935
14122	33936
14123	33937
14124	33938
14125	33939
14126	33940
14127	33941
14128	33942
14129	33943
14130	33944
14131	33945
14132	33946
14133	33947
14134	33948
14135	33949
14136	33950
14137	33951
14138	33952
14139	33953
14140	33954
14141	33955
14142	33956
14143	33957
14144	33958
14145	33959
14146	33960
14147	33961
14148	33962
14149	33963
14150	33964
14151	33965
14152	33966
14153	33967
14154	33968
14155	33969
14156	33970
14157	33971
14158	33972
14159	33973
14160	33974
14161	33975
14162	33976
14163	33977
14164	33978
14165	33979
14166	33980
14167	33981
14168	33982
14169	33983
14170	33984
14171	33985
14172	33986
14173	33987
14174	33988
14175	33989
14176	33990
14177	33991
14178	33992
14179	33993
14180	33994
14181	33995
14182	33996
14183	33997
14184	33998
14185	33999
14186	34000
14187	34001
14188	34002
14189	34003
14190	34004
14191	34005
14192	34006
14193	34007
14194	34008
14195	34009
14196	34010
14197	34011
14198	34012
14199	34013
14200	34014
14201	34015
14202	34016
14203	34017
14204	34018
14205	34019
14206	34020
14207	34021
14208	34022
14209	34023
14210	34024
14211	34025
14212	34026
14213	34027
14214	34028
14215	34029
14216	34030
14217	34031
14218	34032
14219	34033
14220	34034
14221	34035
14222	34036
14223	34037
14224	34038
14225	34039
14226	34040
14227	34041
14228	34042
14229	34043
14230	34044
14231	34045
14232	34046
14233	34047
14234	34048
14235	34049
14236	34050
14237	34051
14238	34052
14239	34053
14240	34054
14241	34055
14242	34056
14243	34057
14244	34058
14245	34059
14246	34060
14247	34061
14248	34062
14249	34063
14250	34064
14251	34065
14252	34066
14253	34067
14254	34068
14255	34069
14256	34070
14257	34071
14258	34072
14259	34073
14260	34074
14261	34075
14262	34076
14263	34077
14264	34078
14265	34079
14266	34080
14267	34081
14268	34082
14269	34083
14270	34084
14271	34085
14272	34086
14273	34087
14274	34088
14275	34089
14276	34090
14277	34091
14278	34092
14279	34093
14280	34094
14281	34095
14282	34096
14283	34097
14284	34098
14285	34099
14286	34100
14287	34101
14288	34102
14289	34103
14290	34104
14291	34105
14292	34106
14293	34107
14294	34108
14295	34109
14296	34110
14297	34111
14298	34112
14299	34113
14300	34114
14301	34115
14302	34116
14303	34117
14304	34118
14305	34119
14306	34120
14307	34121
14308	34122
14309	34123
14310	34124
14311	34125
14312	34126
14313	34127
14314	34128
14315	34129
14316	34130
14317	34131
14318	34132
14319	34133
14320	34134
14321	34135
14322	34136
14323	34137
14324	34138
14325	34139
14326	34140
14327	34141
14328	34142
14329	34143
14330	34144
14331	34145
14332	34146
14333	34147
14334	34148
14335	34149
14336	34150
14337	34151
14338	34152
14339	34153
14340	34154
14341	34155
14342	34156
14343	34157
14344	34158
14345	34159
14346	34160
14347	34161
14348	34162
14349	34163
14350	34164
14351	34165
14352	34166
14353	34167
14354	34168
14355	34169
14356	34170
14357	34171
14358	34172
14359	34173
14360	34174
14361	34175
14362	34176
14363	34177
14364	34178
14365	34179
14366	34180
14367	34181
14368	34182
14369	34183
14370	34184
14371	34185
14372	34186
14373	34187
14374	34188
14375	34189
14376	34190
14377	34191
14378	34192
14379	34193
14380	34194
14381	34195
14382	34196
14383	34197
14384	34198
14385	34199
14386	34200
14387	34201
14388	34202
14389	34203
14390	34204
14391	34205
14392	34206
14393	34207
14394	34208
14395	34209
14396	34210
14397	34211
14398	34212
14399	34213
14400	34214
14401	34215
14402	34216
14403	34217
14404	34218
14405	34219
14406	34220
14407	34221
14408	34222
14409	34223
14410	34224
14411	34225
14412	34226
14413	34227
14414	34228
14415	34229
14416	34230
14417	34231
14418	34232
14419	34233
14420	34234
14421	34235
14422	34236
14423	34237
14424	34238
14425	34239
14426	34240
14427	34241
14428	34242
14429	34243
14430	34244
14431	34245
14432	34246
14433	34247
14434	34248
14435	34249
14436	34250
14437	34251
14438	34252
14439	34253
14440	34254
14441	34255
14442	34256
14443	34257
14444	34258
14445	34259
14446	34260
14447	34261
14448	34262
14449	34263
14450	34264
14451	34265
14452	34266
14453	34267
14454	34268
14455	34269
14456	34270
14457	34271
14458	34272
14459	34273
14460	34274
14461	34275
14462	34276
14463	34277
14464	34278
14465	34279
14466	34280
14467	34281
14468	34282
14469	34283
14470	34284
14471	34285
14472	34286
14473	34287
14474	34288
14475	34289
14476	34290
14477	34291
14478	34292
14479	34293
14480	34294
14481	34295
14482	34296
14483	34297
14484	34298
14485	34299
14486	34300
14487	34301
14488	34302
14489	34303
14490	34304
14491	34305
14492	34306
14493	34307
14494	34308
14495	34309
14496	34310
14497	34311
14498	34312
14499	34313
14500	34314
14501	34315
14502	34316
14503	34317
14504	34318
14505	34319
14506	34320
14507	34321
14508	34322
14509	34323
14510	34324
14511	34325
14512	34326
14513	34327
14514	34328
14515	34329
14516	34330
14517	34331
14518	34332
14519	34333
14520	34334
14521	34335
14522	34336
14523	34337
14524	34338
14525	34339
14526	34340
14527	34341
14528	34342
14529	34343
14530	34344
14531	34345
14532	34346
14533	34347
14534	34348
14535	34349
14536	34350
14537	34351
14538	34352
14539	34353
14540	34354
14541	34355
14542	34356
14543	34357
14544	34358
14545	34359
14546	34360
14547	34361
14548	34362
14549	34363
14550	34364
14551	34365
14552	34366
14553	34367
14554	34368
14555	34369
14556	34370
14557	34371
14558	34372
14559	34373
14560	34374
14561	34375
14562	34376
14563	34377
14564	34378
14565	34379
14566	34380
14567	34381
14568	34382
14569	34383
14570	34384
14571	34385
14572	34386
14573	34387
14574	34388
14575	34389
14576	34390
14577	34391
14578	34392
14579	34393
14580	34394
14581	34395
14582	34396
14583	34397
14584	34398
14585	34399
14586	34400
14587	34401
14588	34402
14589	34403
14590	34404
14591	34405
14592	34406
14593	34407
14594	34408
14595	34409
14596	34410
14597	34411
14598	34412
14599	34413
14600	34414
14601	34415
14602	34416
14603	34417
14604	34418
14605	34419
14606	34420
14607	34421
14608	34422
14609	34423
14610	34424
14611	34425
14612	34426
14613	34427
14614	34428
14615	34429
14616	34430
14617	34431
14618	34432
14619	34433
14620	34434
14621	34435
14622	34436
14623	34437
14624	34438
14625	34439
14626	34440
14627	34441
14628	34442
14629	34443
14630	34444
14631	34445
14632	34446
14633	34447
14634	34448
14635	34449
14636	34450
14637	34451
14638	34452
14639	34453
14640	34454
14641	34455
14642	34456
14643	34457
14644	34458
14645	34459
14646	34460
14647	34461
14648	34462
14649	34463
14650	34464
14651	34465
14652	34466
14653	34467
14654	34468
14655	34469
14656	34470
14657	34471
14658	34472
14659	34473
14660	34474
14661	34475
14662	34476
14663	34477
14664	34478
14665	34479
14666	34480
14667	34481
14668	34482
14669	34483
14670	34484
14671	34485
14672	34486
14673	34487
14674	34488
14675	34489
14676	34490
14677	34491
14678	34492
14679	34493
14680	34494
14681	34495
14682	34496
14683	34497
14684	34498
14685	34499
14686	34500
14687	34501
14688	34502
14689	34503
14690	34504
14691	34505
14692	34506
14693	34507
14694	34508
14695	34509
14696	34510
14697	34511
14698	34512
14699	34513
14700	34514
14701	34515
14702	34516
14703	34517
14704	34518
14705	34519
14706	34520
14707	34521
14708	34522
14709	34523
14710	34524
14711	34525
14712	34526
14713	34527
14714	34528
14715	34529
14716	34530
14717	34531
14718	34532
14719	34533
14720	34534
14721	34535
14722	34536
14723	34537
14724	34538
14725	34539
14726	34540
14727	34541
14728	34542
14729	34543
14730	34544
14731	34545
14732	34546
14733	34547
14734	34548
14735	34549
14736	34550
14737	34551
14738	34552
14739	34553
14740	34554
14741	34555
14742	34556
14743	34557
14744	34558
14745	34559
14746	34560
14747	34561
14748	34562
14749	34563
14750	34564
14751	34565
14752	34566
14753	34567
14754	34568
14755	34569
14756	34570
14757	34571
14758	34572
14759	34573
14760	34574
14761	34575
14762	34576
14763	34577
14764	34578
14765	34579
14766	34580
14767	34581
14768	34582
14769	34583
14770	34584
14771	34585
14772	34586
14773	34587
14774	34588
14775	34589
14776	34590
14777	34591
14778	34592
14779	34593
14780	34594
14781	34595
14782	34596
14783	34597
14784	34598
14785	34599
14786	34600
14787	34601
14788	34602
14789	34603
14790	34604
14791	34605
14792	34606
14793	34607
14794	34608
14795	34609
14796	34610
14797	34611
14798	34612
14799	34613
14800	34614
14801	34615
14802	34616
14803	34617
14804	34618
14805	34619
14806	34620
14807	34621
14808	34622
14809	34623
14810	34624
14811	34625
14812	34626
14813	34627
14814	34628
14815	34629
14816	34630
14817	34631
14818	34632
14819	34633
14820	34634
14821	34635
14822	34636
14823	34637
14824	34638
14825	34639
14826	34640
14827	34641
14828	34642
14829	34643
14830	34644
14831	34645
14832	34646
14833	34647
14834	34648
14835	34649
14836	34650
14837	34651
14838	34652
14839	34653
14840	34654
14841	34655
14842	34656
14843	34657
14844	34658
14845	34659
14846	34660
14847	34661
14848	34662
14849	34663
14850	34664
14851	34665
14852	34666
14853	34667
14854	34668
14855	34669
14856	34670
14857	34671
14858	34672
14859	34673
14860	34674
14861	34675
14862	34676
14863	34677
14864	34678
14865	34679
14866	34680
14867	34681
14868	34682
14869	34683
14870	34684
14871	34685
14872	34686
14873	34687
14874	34688
14875	34689
14876	34690
14877	34691
14878	34692
14879	34693
14880	34694
14881	34695
14882	34696
14883	34697
14884	34698
14885	34699
14886	34700
14887	34701
14888	34702
14889	34703
14890	34704
14891	34705
14892	34706
14893	34707
14894	34708
14895	34709
14896	34710
14897	34711
14898	34712
14899	34713
14900	34714
14901	34715
14902	34716
14903	34717
14904	34718
14905	34719
14906	34720
14907	34721
14908	34722
14909	34723
14910	34724
14911	34725
14912	34726
14913	34727
14914	34728
14915	34729
14916	34730
14917	34731
14918	34732
14919	34733
14920	34734
14921	34735
14922	34736
14923	34737
14924	34738
14925	34739
14926	34740
14927	34741
14928	34742
14929	34743
14930	34744
14931	34745
14932	34746
14933	34747
14934	34748
14935	34749
14936	34750
14937	34751
14938	34752
14939	34753
14940	34754
14941	34755
14942	34756
14943	34757
14944	34758
14945	34759
14946	34760
14947	34761
14948	34762
14949	34763
14950	34764
14951	34765
14952	34766
14953	34767
14954	34768
14955	34769
14956	34770
14957	34771
14958	34772
14959	34773
14960	34774
14961	34775
14962	34776
14963	34777
14964	34778
14965	34779
14966	34780
14967	34781
14968	34782
14969	34783
14970	34784
14971	34785
14972	34786
14973	34787
14974	34788
14975	34789
14976	34790
14977	34791
14978	34792
14979	34793
14980	34794
14981	34795
14982	34796
14983	34797
14984	34798
14985	34799
14986	34800
14987	34801
14988	34802
14989	34803
14990	34804
14991	34805
14992	34806
14993	34807
14994	34808
14995	34809
14996	34810
14997	34811
14998	34812
14999	34813
