7433	22433
1457	16457
7497	22497
4836	19836
6306	21306
4767	19767
1453	16453
9858	24858
754	15754
31	15031
1041	16041
5422	20422
10304	25304
1145	16145
3633	18633
8460	23460
1395	16395
7976	22976
1717	16717
638	15638
6501	21501
3477	18477
7998	22998
704	15704
4723	19723
2137	17137
1443	16443
9079	24079
2394	17394
7387	22387
697	15697
8934	23934
7363	22363
5839	20839
9879	24879
2277	17277
7720	22720
8369	23369
6415	21415
9016	24016
1383	16383
3126	18126
5377	20377
4884	19884
2323	17323
8291	23291
3252	18252
9162	24162
9747	24747
1787	16787
400	15400
1501	16501
3450	18450
10044	25044
3075	18075
8816	23816
8358	23358
8902	23902
6961	21961
3241	18241
9389	24389
4806	19806
2758	17758
9557	24557
4365	19365
6965	21965
2787	17787
9114	24114
7627	22627
3146	18146
2765	17765
5466	20466
3632	18632
9027	24027
7377	22377
4470	19470
8128	23128
1081	16081
5113	20113
6015	21015
3765	18765
4254	19254
787	15787
3336	18336
3674	18674
6663	21663
6875	21875
4287	19287
7117	22117
1384	16384
5393	20393
6648	21648
1074	16074
9888	24888
3679	18679
2543	17543
5399	20399
3315	18315
10450	25450
136	15136
7747	22747
6916	21916
7448	22448
7875	22875
9097	24097
1258	16258
7802	22802
7144	22144
2698	17698
3666	18666
10362	25362
1138	16138
4384	19384
5366	20366
1980	16980
2804	17804
6979	21979
7860	22860
56	15056
3280	18280
4971	19971
4259	19259
4415	19415
3165	18165
5079	20079
7255	22255
9980	24980
9928	24928
9408	24408
6299	21299
1467	16467
8651	23651
4801	19801
2219	17219
4335	19335
4349	19349
7975	22975
2302	17302
3842	18842
3537	18537
10403	25403
7792	22792
2570	17570
9726	24726
222	15222
4055	19055
1146	16146
4244	19244
9917	24917
4017	19017
3268	18268
7035	22035
2905	17905
1972	16972
3680	18680
4960	19960
2158	17158
9337	24337
2049	17049
858	15858
658	15658
8329	23329
3471	18471
7184	22184
3298	18298
170	15170
6364	21364
1190	16190
5837	20837
9210	24210
7838	22838
4847	19847
6271	21271
1996	16996
3132	18132
3664	18664
428	15428
3987	18987
2860	17860
1030	16030
9934	24934
7613	22613
4805	19805
6279	21279
7226	22226
1333	16333
4423	19423
1348	16348
5184	20184
9774	24774
3097	18097
9708	24708
2407	17407
6934	21934
2200	17200
3376	18376
9050	24050
8178	23178
9435	24435
9699	24699
864	15864
9907	24907
7958	22958
543	15543
10238	25238
3182	18182
7114	22114
2724	17724
9147	24147
406	15406
2764	17764
4669	19669
632	15632
5671	20671
1083	16083
6472	21472
6017	21017
8251	23251
2309	17309
8776	23776
2659	17659
3647	18647
4857	19857
10112	25112
4763	19763
3886	18886
5781	20781
8280	23280
598	15598
10439	25439
646	15646
8230	23230
2673	17673
4229	19229
5978	20978
6354	21354
6876	21876
9994	24994
6567	21567
10432	25432
342	15342
3120	18120
3388	18388
8421	23421
5229	20229
7270	22270
7964	22964
4887	19887
7095	22095
3117	18117
1536	16536
5523	20523
4115	19115
383	15383
210	15210
1953	16953
4476	19476
8159	23159
6210	21210
1535	16535
10269	25269
8180	23180
1893	16893
3183	18183
2029	17029
2691	17691
8947	23947
2733	17733
236	15236
7760	22760
10366	25366
9626	24626
6291	21291
7147	22147
2038	17038
7456	22456
9944	24944
10414	25414
3414	18414
7602	22602
4817	19817
4468	19468
948	15948
570	15570
9591	24591
2101	17101
1485	16485
5860	20860
1644	16644
4759	19759
1882	16882
1134	16134
5114	20114
5091	20091
1185	16185
3353	18353
1667	16667
9100	24100
4565	19565
4034	19034
7154	22154
1927	16927
1711	16711
10480	25480
8533	23533
7396	22396
3057	18057
1651	16651
5966	20966
3303	18303
6081	21081
8011	23011
9765	24765
2607	17607
10259	25259
10367	25367
9670	24670
964	15964
2409	17409
1234	16234
5994	20994
3494	18494
7692	22692
167	15167
843	15843
8704	23704
7329	22329
8432	23432
3260	18260
10234	25234
6930	21930
8121	23121
9154	24154
8076	23076
9160	24160
5517	20517
3136	18136
9563	24563
4044	19044
9292	24292
8071	23071
8559	23559
1441	16441
4800	19800
6947	21947
8870	23870
5286	20286
8794	23794
9454	24454
5060	20060
5120	20120
2030	17030
4876	19876
2750	17750
9581	24581
1089	16089
8509	23509
8999	23999
10057	25057
7609	22609
8338	23338
134	15134
7044	22044
2728	17728
3901	18901
2950	17950
1345	16345
8066	23066
7162	22162
174	15174
2945	17945
1003	16003
7599	22599
7880	22880
10445	25445
8864	23864
10272	25272
4236	19236
2464	17464
4529	19529
1967	16967
4738	19738
1621	16621
7953	22953
4672	19672
7984	22984
8614	23614
8975	23975
718	15718
8093	23093
6825	21825
2190	17190
5725	20725
9112	24112
7931	22931
1941	16941
7859	22859
9253	24253
2082	17082
1675	16675
5605	20605
9619	24619
1750	16750
9681	24681
3845	18845
7248	22248
4434	19434
6654	21654
3243	18243
8079	23079
9095	24095
5364	20364
9017	24017
1960	16960
6846	21846
10387	25387
10406	25406
241	15241
8341	23341
2280	17280
2888	17888
7372	22372
5622	20622
1307	16307
8738	23738
6262	21262
6768	21768
7070	22070
5787	20787
3907	18907
671	15671
5348	20348
8438	23438
8699	23699
3563	18563
7001	22001
9915	24915
372	15372
6560	21560
9947	24947
6880	21880
6685	21685
3425	18425
9650	24650
2669	17669
248	15248
7545	22545
7706	22706
9571	24571
4075	19075
199	15199
4816	19816
8048	23048
7391	22391
9081	24081
4924	19924
3293	18293
2214	17214
7119	22119
2709	17709
3438	18438
10056	25056
4916	19916
3272	18272
9111	24111
5634	20634
10222	25222
2010	17010
9855	24855
4549	19549
2854	17854
2619	17619
1658	16658
5865	20865
4534	19534
1957	16957
3799	18799
8965	23965
894	15894
39	15039
10038	25038
688	15688
5233	20233
2320	17320
4756	19756
5863	20863
6718	21718
7560	22560
3208	18208
4374	19374
9288	24288
387	15387
5439	20439
1680	16680
2254	17254
52	15052
2900	17900
9340	24340
8246	23246
5333	20333
9481	24481
3553	18553
7796	22796
9302	24302
6412	21412
7829	22829
106	15106
6068	21068
5653	20653
6817	21817
500	15500
7734	22734
716	15716
1127	16127
7735	22735
3478	18478
5806	20806
1460	16460
7787	22787
58	15058
9634	24634
7520	22520
2701	17701
8646	23646
9532	24532
3141	18141
7231	22231
874	15874
9628	24628
4834	19834
5582	20582
3149	18149
7825	22825
277	15277
6253	21253
672	15672
6337	21337
9830	24830
2614	17614
2727	17727
728	15728
7115	22115
9395	24395
4874	19874
9676	24676
8702	23702
2920	17920
2855	17855
9539	24539
340	15340
6152	21152
5331	20331
7519	22519
2949	17949
9809	24809
4600	19600
3188	18188
6950	21950
3167	18167
8929	23929
7523	22523
1810	16810
246	15246
7694	22694
6788	21788
5203	20203
3063	18063
4344	19344
5747	20747
2150	17150
5263	20263
7786	22786
215	15215
9295	24295
2575	17575
2788	17788
7143	22143
4711	19711
3469	18469
181	15181
7858	22858
8392	23392
8146	23146
9071	24071
952	15952
6319	21319
6628	21628
3855	18855
2091	17091
1204	16204
7969	22969
5341	20341
10117	25117
4641	19641
3564	18564
4042	19042
2513	17513
73	15073
7868	22868
6512	21512
3820	18820
6339	21339
1686	16686
2951	17951
1888	16888
8058	23058
2314	17314
6972	21972
5925	20925
2997	17997
9356	24356
8081	23081
1135	16135
1784	16784
9358	24358
9401	24401
2443	17443
8737	23737
1856	16856
9703	24703
3849	18849
9971	24971
1715	16715
9086	24086
7042	22042
7010	22010
2483	17483
4452	19452
6920	21920
9406	24406
7260	22260
8989	23989
4313	19313
8443	23443
771	15771
7046	22046
736	15736
2432	17432
2103	17103
9350	24350
4939	19939
9906	24906
8293	23293
6050	21050
7063	22063
5566	20566
4167	19167
2433	17433
3304	18304
8325	23325
7320	22320
8314	23314
9062	24062
4053	19053
7807	22807
5112	20112
7232	22232
3569	18569
2380	17380
6870	21870
7212	22212
9221	24221
2482	17482
5260	20260
4327	19327
1978	16978
10419	25419
10468	25468
3702	18702
3624	18624
2437	17437
1906	16906
538	15538
3487	18487
7048	22048
25	15025
1795	16795
9384	24384
8714	23714
490	15490
10205	25205
5002	20002
6025	21025
3523	18523
2073	17073
752	15752
2548	17548
4455	19455
3811	18811
3264	18264
4700	19700
1203	16203
2563	17563
10261	25261
6335	21335
7930	22930
7781	22781
7904	22904
633	15633
1585	16585
6943	21943
3610	18610
8250	23250
1685	16685
9632	24632
2223	17223
88	15088
6133	21133
4752	19752
4937	19937
412	15412
8531	23531
4201	19201
6305	21305
2694	17694
2390	17390
5299	20299
4398	19398
3370	18370
8262	23262
5231	20231
3480	18480
5619	20619
8343	23343
9832	24832
6600	21600
795	15795
2931	17931
7002	22002
1338	16338
5902	20902
6091	21091
8952	23952
6584	21584
3327	18327
6723	21723
5746	20746
2991	17991
1289	16289
3757	18757
1834	16834
6267	21267
6773	21773
6795	21795
1100	16100
4136	19136
2849	17849
7286	22286
2468	17468
6604	21604
3774	18774
8912	23912
6888	21888
7563	22563
3248	18248
6754	21754
9682	24682
9083	24083
4540	19540
3192	18192
4389	19389
7924	22924
9179	24179
7116	22116
995	15995
2859	17859
2404	17404
4295	19295
2916	17916
7988	22988
8955	23955
9989	24989
3776	18776
4322	19322
7823	22823
3317	18317
3638	18638
5935	20935
3437	18437
3384	18384
776	15776
10377	25377
6708	21708
10374	25374
1309	16309
8254	23254
4951	19951
3363	18363
1824	16824
10230	25230
7886	22886
8668	23668
5011	20011
760	15760
558	15558
95	15095
8945	23945
2863	17863
3885	18885
5663	20663
2205	17205
7567	22567
4953	19953
7920	22920
8023	23023
4009	19009
7495	22495
6585	21585
153	15153
8623	23623
2153	17153
3380	18380
4080	19080
6555	21555
2580	17580
9042	24042
10254	25254
6264	21264
7539	22539
6970	21970
6190	21190
9366	24366
8297	23297
9234	24234
3973	18973
4430	19430
1780	16780
6144	21144
6898	21898
3490	18490
4781	19781
4151	19151
8264	23264
1874	16874
6537	21537
10306	25306
4122	19122
4787	19787
9680	24680
4521	19521
769	15769
7207	22207
4478	19478
10499	25499
3176	18176
5172	20172
2154	17154
10346	25346
7084	22084
3759	18759
2685	17685
3786	18786
238	15238
1482	16482
5764	20764
546	15546
8014	23014
1654	16654
4441	19441
3102	18102
4095	19095
2773	17773
946	15946
3275	18275
8820	23820
5791	20791
3213	18213
1720	16720
9287	24287
2416	17416
2289	17289
6877	21877
2502	17502
6722	21722
9093	24093
905	15905
1741	16741
4048	19048
8198	23198
3013	18013
10010	25010
7687	22687
1154	16154
8162	23162
331	15331
5094	20094
8957	23957
9441	24441
8400	23400
10203	25203
8826	23826
1496	16496
6449	21449
3676	18676
8209	23209
1075	16075
4846	19846
1357	16357
8649	23649
2457	17457
5096	20096
9492	24492
5670	20670
7657	22657
7384	22384
426	15426
458	15458
454	15454
3459	18459
3750	18750
10042	25042
1559	16559
6417	21417
420	15420
3955	18955
1421	16421
2801	17801
8006	23006
5053	20053
7383	22383
9110	24110
550	15550
8298	23298
8986	23986
3003	18003
9573	24573
5339	20339
1040	16040
1450	16450
9043	24043
9305	24305
2663	17663
9056	24056
2171	17171
8873	23873
2436	17436
8943	23943
2845	17845
3295	18295
9568	24568
9201	24201
5178	20178
10154	25154
8288	23288
6738	21738
985	15985
7183	22183
7923	22923
8284	23284
6612	21612
23	15023
2373	17373
2448	17448
1311	16311
9317	24317
8550	23550
4410	19410
8907	23907
8015	23015
4639	19639
8511	23511
2842	17842
9128	24128
4155	19155
3160	18160
4755	19755
9762	24762
4399	19399
1904	16904
10126	25126
2110	17110
9873	24873
4260	19260
8823	23823
6324	21324
6009	21009
5603	20603
5952	20952
8313	23313
6098	21098
2910	17910
534	15534
7295	22295
10382	25382
9737	24737
10059	25059
9921	24921
2342	17342
8415	23415
2015	17015
6883	21883
7568	22568
5034	20034
6330	21330
6935	21935
1538	16538
7388	22388
2139	17139
6103	21103
3869	18869
