677	20338
1777	21438
9095	28756
3017	22678
2496	22157
1705	21366
10089	29750
8103	27764
480	20141
2051	21712
3036	22697
1000	20661
1453	21114
9969	29630
7084	26745
4145	23806
10415	30076
2712	22373
834	20495
7526	27187
10306	29967
3241	22902
4705	24366
3906	23567
7566	27227
441	20102
5049	24710
7627	27288
6756	26417
13	19674
1203	20864
8938	28599
8866	28527
8427	28088
4003	23664
4002	23663
5448	25109
2237	21898
4678	24339
5145	24806
6274	25935
9111	28772
3012	22673
2989	22650
4985	24646
5088	24749
185	19846
8999	28660
5392	25053
10437	30098
4566	24227
2579	22240
961	20622
2238	21899
4878	24539
2735	22396
8122	27783
8222	27883
3552	23213
2752	22413
7671	27332
9709	29370
4696	24357
5790	25451
8473	28134
8516	28177
8132	27793
5852	25513
6277	25938
549	20210
9596	29257
9681	29342
7777	27438
3683	23344
2115	21776
5983	25644
5954	25615
8003	27664
5005	24666
1191	20852
3385	23046
4475	24136
6476	26137
2018	21679
9611	29272
29	19690
363	20024
1993	21654
2151	21812
3261	22922
47	19708
6444	26105
9364	29025
2498	22159
1257	20918
9373	29034
7719	27380
4216	23877
245	19906
8975	28636
2652	22313
1607	21268
3335	22996
8062	27723
6210	25871
6572	26233
5192	24853
8704	28365
4559	24220
3603	23264
2622	22283
1807	21468
10428	30089
4148	23809
1884	21545
10281	29942
9631	29292
1537	21198
6996	26657
2916	22577
7447	27108
5200	24861
10267	29928
453	20114
7437	27098
3826	23487
878	20539
1099	20760
2575	22236
9395	29056
10454	30115
7636	27297
7154	26815
9189	28850
647	20308
2610	22271
2172	21833
611	20272
8039	27700
4665	24326
7347	27008
8368	28029
6447	26108
3872	23533
2526	22187
8367	28028
4293	23954
8251	27912
10021	29682
9228	28889
2684	22345
5698	25359
6175	25836
501	20162
42	19703
2224	21885
3267	22928
8812	28473
7656	27317
9254	28915
9904	29565
4125	23786
7961	27622
3801	23462
1734	21395
2607	22268
5509	25170
3351	23012
2787	22448
8591	28252
7495	27156
8590	28251
3901	23562
1196	20857
8423	28084
8910	28571
10108	29769
1620	21281
7543	27204
7223	26884
9847	29508
1398	21059
8569	28230
9012	28673
3184	22845
8621	28282
2904	22565
8584	28245
4798	24459
10443	30104
3689	23350
20	19681
3708	23369
8353	28014
8634	28295
1036	20697
3108	22769
8149	27810
9702	29363
8419	28080
9010	28671
1276	20937
9016	28677
308	19969
6591	26252
7200	26861
8608	28269
5263	24924
9208	28869
8947	28608
5234	24895
8187	27848
10381	30042
6022	25683
9553	29214
4735	24396
3009	22670
464	20125
5897	25558
10348	30009
8220	27881
6628	26289
2891	22552
298	19959
5162	24823
2671	22332
917	20578
2643	22304
5676	25337
5629	25290
5928	25589
9268	28929
3841	23502
9958	29619
8113	27774
9394	29055
1718	21379
8548	28209
2780	22441
3674	23335
7370	27031
3528	23189
1454	21115
6916	26577
6243	25904
4721	24382
2608	22269
1090	20751
3918	23579
4439	24100
2501	22162
9418	29079
8216	27877
9566	29227
2127	21788
3247	22908
8307	27968
7812	27473
5670	25331
9181	28842
10217	29878
1864	21525
8399	28060
9823	29484
625	20286
9445	29106
711	20372
3958	23619
9440	29101
3314	22975
5205	24866
5766	25427
6747	26408
7584	27245
9565	29226
3851	23512
800	20461
6505	26166
9474	29135
10498	30159
3472	23133
10411	30072
103	19764
794	20455
3253	22914
8043	27704
3363	23024
3374	23035
9811	29472
4432	24093
4055	23716
3937	23598
3262	22923
5653	25314
9981	29642
3910	23571
4037	23698
9074	28735
8177	27838
5138	24799
6425	26086
7483	27144
683	20344
2832	22493
6634	26295
3747	23408
5892	25553
710	20371
527	20188
8046	27707
8774	28435
6801	26462
419	20080
5669	25330
8832	28493
5949	25610
4514	24175
5534	25195
9053	28714
7704	27365
1115	20776
4382	24043
195	19856
3500	23161
523	20184
6927	26588
7213	26874
836	20497
8461	28122
1513	21174
3373	23034
6581	26242
8407	28068
3390	23051
5532	25193
6814	26475
5656	25317
10248	29909
10431	30092
3296	22957
9486	29147
8130	27791
9898	29559
10197	29858
3688	23349
5817	25478
5333	24994
3008	22669
2968	22629
2370	22031
9942	29603
6357	26018
1678	21339
7238	26899
7439	27100
3600	23261
773	20434
1741	21402
6000	25661
1041	20702
600	20261
8596	28257
9872	29533
4170	23831
8099	27760
6539	26200
3303	22964
5495	25156
5795	25456
1928	21589
8207	27868
3843	23504
5542	25203
7101	26762
4064	23725
7430	27091
5007	24668
10014	29675
7367	27028
1447	21108
3297	22958
5905	25566
8436	28097
1496	21157
5811	25472
1521	21182
661	20322
2448	22109
5201	24862
9515	29176
3381	23042
8846	28507
7594	27255
3962	23623
7150	26811
5070	24731
7210	26871
519	20180
7695	27356
8228	27889
2220	21881
7589	27250
2117	21778
2557	22218
9852	29513
9638	29299
7749	27410
9178	28839
6573	26234
7083	26744
6186	25847
8877	28538
8007	27668
1879	21540
2587	22248
3276	22937
3448	23109
1084	20745
8509	28170
3756	23417
10033	29694
1379	21040
9510	29171
2947	22608
5144	24805
3434	23095
432	20093
1035	20696
5511	25172
5231	24892
734	20395
3861	23522
4221	23882
6887	26548
4230	23891
8901	28562
5456	25117
5018	24679
9572	29233
4087	23748
3269	22930
5597	25258
755	20416
8287	27948
10219	29880
1470	21131
8106	27767
9715	29376
7596	27257
5821	25482
7410	27071
1799	21460
4324	23985
3467	23128
5355	25016
3503	23164
3414	23075
10328	29989
10299	29960
1225	20886
1443	21104
6284	25945
8315	27976
602	20263
2290	21951
233	19894
3692	23353
4167	23828
10445	30106
4739	24400
3657	23318
4854	24515
3368	23029
1327	20988
3194	22855
6130	25791
5952	25613
2092	21753
4347	24008
6812	26473
1380	21041
336	19997
2977	22638
3030	22691
9326	28987
2693	22354
9014	28675
2706	22367
3054	22715
7855	27516
9368	29029
7263	26924
6455	26116
7351	27012
1169	20830
2472	22133
7463	27124
8362	28023
701	20362
3221	22882
5506	25167
418	20079
2572	22233
4942	24603
3509	23170
635	20296
8387	28048
9706	29367
446	20107
6442	26103
8818	28479
8703	28364
4808	24469
9905	29566
760	20421
4790	24451
4760	24421
1382	21043
9381	29042
7291	26952
869	20530
4990	24651
2561	22222
5746	25407
7068	26729
10043	29704
110	19771
1479	21140
9726	29387
492	20153
9197	28858
10222	29883
5668	25329
4331	23992
2644	22305
1812	21473
5936	25597
8433	28094
7026	26687
7905	27566
6400	26061
4911	24572
5327	24988
6944	26605
2078	21739
762	20423
7513	27174
5688	25349
10466	30127
8178	27839
5970	25631
2455	22116
8698	28359
9001	28662
562	20223
9583	29244
1903	21564
4719	24380
6060	25721
9940	29601
5847	25508
8953	28614
9138	28799
2249	21910
3019	22680
1694	21355
1267	20928
8988	28649
1237	20898
9402	29063
4619	24280
1116	20777
3116	22777
3635	23296
4414	24075
10327	29988
9171	28832
1457	21118
2438	22099
3563	23224
9875	29536
3176	22837
8979	28640
659	20320
7652	27313
9011	28672
6775	26436
2091	21752
5423	25084
317	19978
9871	29532
8273	27934
8726	28387
4627	24288
3868	23529
1467	21128
9391	29052
8308	27969
4327	23988
6099	25760
1519	21180
5619	25280
4851	24512
5024	24685
3199	22860
4754	24415
4929	24590
6239	25900
1441	21102
5165	24826
6159	25820
4636	24297
9582	29243
8778	28439
9648	29309
5344	25005
9550	29211
4650	24311
7862	27523
894	20555
8862	28523
5411	25072
9869	29530
3664	23325
4882	24543
1761	21422
1306	20967
5177	24838
3690	23351
4307	23968
9735	29396
2390	22051
10224	29885
6138	25799
1017	20678
2054	21715
8962	28623
7963	27624
2468	22129
9517	29178
667	20328
8174	27835
6655	26316
208	19869
736	20397
3746	23407
1559	21220
6754	26415
4897	24558
9789	29450
1680	21341
4483	24144
122	19783
1554	21215
5969	25630
616	20277
10237	29898
5426	25087
763	20424
3685	23346
6792	26453
6919	26580
574	20235
9264	28925
7473	27134
1383	21044
8351	28012
2846	22507
4458	24119
3432	23093
4725	24386
3025	22686
2103	21764
10067	29728
9678	29339
671	20332
780	20441
8049	27710
4259	23920
7322	26983
9374	29035
8827	28488
1913	21574
2495	22156
3003	22664
9352	29013
9936	29597
10326	29987
6609	26270
6713	26374
2548	22209
4703	24364
10088	29749
5947	25608
4337	23998
870	20531
5876	25537
2523	22184
6664	26325
3766	23427
5977	25638
2131	21792
447	20108
5588	25249
5402	25063
9109	28770
10366	30027
10287	29948
7843	27504
7971	27632
9712	29373
10159	29820
1703	21364
3723	23384
140	19801
9431	29092
1933	21594
4463	24124
7534	27195
8242	27903
10337	29998
9897	29558
9136	28797
668	20329
7316	26977
7485	27146
9728	29389
6528	26189
7417	27078
4630	24291
3732	23393
7044	26705
7346	27007
6883	26544
7514	27175
4825	24486
5525	25186
3002	22663
10435	30096
3961	23622
4613	24274
10252	29913
3154	22815
6125	25786
8093	27754
7599	27260
9623	29284
1871	21532
10010	29671
8553	28214
2854	22515
3808	23469
8684	28345
6949	26610
9545	29206
7205	26866
10085	29746
3854	23515
10032	29693
9465	29126
8763	28424
1772	21433
2633	22294
2251	21912
8851	28512
3148	22809
8111	27772
844	20505
2798	22459
4320	23981
8323	27984
9689	29350
3860	23521
1181	20842
4298	23959
2377	22038
5923	25584
503	20164
1434	21095
6412	26073
460	20121
3298	22959
7467	27128
5565	25226
5906	25567
4336	23997
8829	28490
7674	27335
3438	23099
9342	29003
8964	28625
8558	28219
9817	29478
10434	30095
9	19670
2670	22331
8489	28150
7113	26774
6205	25866
8636	28297
2386	22047
2000	21661
5284	24945
8560	28221
4191	23852
2841	22502
7500	27161
8540	28201
6755	26416
4397	24058
3856	23517
10455	30116
8352	28013
1878	21539
7376	27037
853	20514
1857	21518
1573	21234
8250	27911
621	20282
2309	21970
1615	21276
8543	28204
4166	23827
9654	29315
51	19712
5693	25354
7590	27251
8570	28231
2208	21869
880	20541
5141	24802
3922	23583
4707	24368
7411	27072
1055	20716
4162	23823
9077	28738
1275	20936
5517	25178
567	20228
7833	27494
6449	26110
6753	26414
7009	26670
670	20331
10269	29930
7521	27182
6979	26640
8529	28190
80	19741
9169	28830
1869	21530
6342	26003
5196	24857
1157	20818
9586	29247
1528	21189
3753	23414
6865	26526
2870	22531
8797	28458
10113	29774
5221	24882
6496	26157
3114	22775
2428	22089
10356	30017
10336	29997
3231	22892
1600	21261
9850	29511
9108	28769
1547	21208
5911	25572
5867	25528
3778	23439
900	20561
8618	28279
7954	27615
7863	27524
5514	25175
4046	23707
6168	25829
3048	22709
6722	26383
4615	24276
9522	29183
7937	27598
2297	21958
715	20376
8998	28659
6131	25792
9372	29033
7445	27106
7158	26819
4029	23690
7527	27188
8819	28480
4659	24320
7349	27010
5749	25410
867	20528
2877	22538
771	20432
2974	22635
8826	28487
646	20307
4714	24375
6422	26083
3715	23376
4653	24314
6834	26495
9688	29349
6375	26036
9686	29347
3973	23634
6149	25810
1123	20784
6524	26185
10376	30037
4541	24202
10496	30157
6929	26590
8200	27861
9205	28866
3985	23646
4896	24557
896	20557
3413	23074
7221	26882
2543	22204
5627	25288
1130	20791
9693	29354
6345	26006
9427	29088
4294	23955
2604	22265
6714	26375
5755	25416
4142	23803
6964	26625
8781	28442
9209	28870
7684	27345
7754	27415
2691	22352
8783	28444
890	20551
9297	28958
6709	26370
4426	24087
10138	29799
3227	22888
9801	29462
7258	26919
9842	29503
9635	29296
10305	29966
4137	23798
3345	23006
4716	24377
1682	21343
1717	21378
1243	20904
4303	23964
7891	27552
247	19908
7182	26843
6584	26245
8110	27771
9327	28988
7498	27159
5963	25624
4056	23717
8903	28564
9830	29491
8887	28548
8683	28344
9731	29392
3703	23364
8134	27795
2750	22411
2967	22628
1144	20805
1159	20820
7432	27093
1992	21653
9741	29402
348	20009
9287	28948
9606	29267
5082	24743
7422	27083
5664	25325
8792	28453
3693	23354
7478	27139
3164	22825
