10500	30161
10501	30162
10502	30163
10503	30164
10504	30165
10505	30166
10506	30167
10507	30168
10508	30169
10509	30170
10510	30171
10511	30172
10512	30173
10513	30174
10514	30175
10515	30176
10516	30177
10517	30178
10518	30179
10519	30180
10520	30181
10521	30182
10522	30183
10523	30184
10524	30185
10525	30186
10526	30187
10527	30188
10528	30189
10529	30190
10530	30191
10531	30192
10532	30193
10533	30194
10534	30195
10535	30196
10536	30197
10537	30198
10538	30199
10539	30200
10540	30201
10541	30202
10542	30203
10543	30204
10544	30205
10545	30206
10546	30207
10547	30208
10548	30209
10549	30210
10550	30211
10551	30212
10552	30213
10553	30214
10554	30215
10555	30216
10556	30217
10557	30218
10558	30219
10559	30220
10560	30221
10561	30222
10562	30223
10563	30224
10564	30225
10565	30226
10566	30227
10567	30228
10568	30229
10569	30230
10570	30231
10571	30232
10572	30233
10573	30234
10574	30235
10575	30236
10576	30237
10577	30238
10578	30239
10579	30240
10580	30241
10581	30242
10582	30243
10583	30244
10584	30245
10585	30246
10586	30247
10587	30248
10588	30249
10589	30250
10590	30251
10591	30252
10592	30253
10593	30254
10594	30255
10595	30256
10596	30257
10597	30258
10598	30259
10599	30260
10600	30261
10601	30262
10602	30263
10603	30264
10604	30265
10605	30266
10606	30267
10607	30268
10608	30269
10609	30270
10610	30271
10611	30272
10612	30273
10613	30274
10614	30275
10615	30276
10616	30277
10617	30278
10618	30279
10619	30280
10620	30281
10621	30282
10622	30283
10623	30284
10624	30285
10625	30286
10626	30287
10627	30288
10628	30289
10629	30290
10630	30291
10631	30292
10632	30293
10633	30294
10634	30295
10635	30296
10636	30297
10637	30298
10638	30299
10639	30300
10640	30301
10641	30302
10642	30303
10643	30304
10644	30305
10645	30306
10646	30307
10647	30308
10648	30309
10649	30310
10650	30311
10651	30312
10652	30313
10653	30314
10654	30315
10655	30316
10656	30317
10657	30318
10658	30319
10659	30320
10660	30321
10661	30322
10662	30323
10663	30324
10664	30325
10665	30326
10666	30327
10667	30328
10668	30329
10669	30330
10670	30331
10671	30332
10672	30333
10673	30334
10674	30335
10675	30336
10676	30337
10677	30338
10678	30339
10679	30340
10680	30341
10681	30342
10682	30343
10683	30344
10684	30345
10685	30346
10686	30347
10687	30348
10688	30349
10689	30350
10690	30351
10691	30352
10692	30353
10693	30354
10694	30355
10695	30356
10696	30357
10697	30358
10698	30359
10699	30360
10700	30361
10701	30362
10702	30363
10703	30364
10704	30365
10705	30366
10706	30367
10707	30368
10708	30369
10709	30370
10710	30371
10711	30372
10712	30373
10713	30374
10714	30375
10715	30376
10716	30377
10717	30378
10718	30379
10719	30380
10720	30381
10721	30382
10722	30383
10723	30384
10724	30385
10725	30386
10726	30387
10727	30388
10728	30389
10729	30390
10730	30391
10731	30392
10732	30393
10733	30394
10734	30395
10735	30396
10736	30397
10737	30398
10738	30399
10739	30400
10740	30401
10741	30402
10742	30403
10743	30404
10744	30405
10745	30406
10746	30407
10747	30408
10748	30409
10749	30410
10750	30411
10751	30412
10752	30413
10753	30414
10754	30415
10755	30416
10756	30417
10757	30418
10758	30419
10759	30420
10760	30421
10761	30422
10762	30423
10763	30424
10764	30425
10765	30426
10766	30427
10767	30428
10768	30429
10769	30430
10770	30431
10771	30432
10772	30433
10773	30434
10774	30435
10775	30436
10776	30437
10777	30438
10778	30439
10779	30440
10780	30441
10781	30442
10782	30443
10783	30444
10784	30445
10785	30446
10786	30447
10787	30448
10788	30449
10789	30450
10790	30451
10791	30452
10792	30453
10793	30454
10794	30455
10795	30456
10796	30457
10797	30458
10798	30459
10799	30460
10800	30461
10801	30462
10802	30463
10803	30464
10804	30465
10805	30466
10806	30467
10807	30468
10808	30469
10809	30470
10810	30471
10811	30472
10812	30473
10813	30474
10814	30475
10815	30476
10816	30477
10817	30478
10818	30479
10819	30480
10820	30481
10821	30482
10822	30483
10823	30484
10824	30485
10825	30486
10826	30487
10827	30488
10828	30489
10829	30490
10830	30491
10831	30492
10832	30493
10833	30494
10834	30495
10835	30496
10836	30497
10837	30498
10838	30499
10839	30500
10840	30501
10841	30502
10842	30503
10843	30504
10844	30505
10845	30506
10846	30507
10847	30508
10848	30509
10849	30510
10850	30511
10851	30512
10852	30513
10853	30514
10854	30515
10855	30516
10856	30517
10857	30518
10858	30519
10859	30520
10860	30521
10861	30522
10862	30523
10863	30524
10864	30525
10865	30526
10866	30527
10867	30528
10868	30529
10869	30530
10870	30531
10871	30532
10872	30533
10873	30534
10874	30535
10875	30536
10876	30537
10877	30538
10878	30539
10879	30540
10880	30541
10881	30542
10882	30543
10883	30544
10884	30545
10885	30546
10886	30547
10887	30548
10888	30549
10889	30550
10890	30551
10891	30552
10892	30553
10893	30554
10894	30555
10895	30556
10896	30557
10897	30558
10898	30559
10899	30560
10900	30561
10901	30562
10902	30563
10903	30564
10904	30565
10905	30566
10906	30567
10907	30568
10908	30569
10909	30570
10910	30571
10911	30572
10912	30573
10913	30574
10914	30575
10915	30576
10916	30577
10917	30578
10918	30579
10919	30580
10920	30581
10921	30582
10922	30583
10923	30584
10924	30585
10925	30586
10926	30587
10927	30588
10928	30589
10929	30590
10930	30591
10931	30592
10932	30593
10933	30594
10934	30595
10935	30596
10936	30597
10937	30598
10938	30599
10939	30600
10940	30601
10941	30602
10942	30603
10943	30604
10944	30605
10945	30606
10946	30607
10947	30608
10948	30609
10949	30610
10950	30611
10951	30612
10952	30613
10953	30614
10954	30615
10955	30616
10956	30617
10957	30618
10958	30619
10959	30620
10960	30621
10961	30622
10962	30623
10963	30624
10964	30625
10965	30626
10966	30627
10967	30628
10968	30629
10969	30630
10970	30631
10971	30632
10972	30633
10973	30634
10974	30635
10975	30636
10976	30637
10977	30638
10978	30639
10979	30640
10980	30641
10981	30642
10982	30643
10983	30644
10984	30645
10985	30646
10986	30647
10987	30648
10988	30649
10989	30650
10990	30651
10991	30652
10992	30653
10993	30654
10994	30655
10995	30656
10996	30657
10997	30658
10998	30659
10999	30660
11000	30661
11001	30662
11002	30663
11003	30664
11004	30665
11005	30666
11006	30667
11007	30668
11008	30669
11009	30670
11010	30671
11011	30672
11012	30673
11013	30674
11014	30675
11015	30676
11016	30677
11017	30678
11018	30679
11019	30680
11020	30681
11021	30682
11022	30683
11023	30684
11024	30685
11025	30686
11026	30687
11027	30688
11028	30689
11029	30690
11030	30691
11031	30692
11032	30693
11033	30694
11034	30695
11035	30696
11036	30697
11037	30698
11038	30699
11039	30700
11040	30701
11041	30702
11042	30703
11043	30704
11044	30705
11045	30706
11046	30707
11047	30708
11048	30709
11049	30710
11050	30711
11051	30712
11052	30713
11053	30714
11054	30715
11055	30716
11056	30717
11057	30718
11058	30719
11059	30720
11060	30721
11061	30722
11062	30723
11063	30724
11064	30725
11065	30726
11066	30727
11067	30728
11068	30729
11069	30730
11070	30731
11071	30732
11072	30733
11073	30734
11074	30735
11075	30736
11076	30737
11077	30738
11078	30739
11079	30740
11080	30741
11081	30742
11082	30743
11083	30744
11084	30745
11085	30746
11086	30747
11087	30748
11088	30749
11089	30750
11090	30751
11091	30752
11092	30753
11093	30754
11094	30755
11095	30756
11096	30757
11097	30758
11098	30759
11099	30760
11100	30761
11101	30762
11102	30763
11103	30764
11104	30765
11105	30766
11106	30767
11107	30768
11108	30769
11109	30770
11110	30771
11111	30772
11112	30773
11113	30774
11114	30775
11115	30776
11116	30777
11117	30778
11118	30779
11119	30780
11120	30781
11121	30782
11122	30783
11123	30784
11124	30785
11125	30786
11126	30787
11127	30788
11128	30789
11129	30790
11130	30791
11131	30792
11132	30793
11133	30794
11134	30795
11135	30796
11136	30797
11137	30798
11138	30799
11139	30800
11140	30801
11141	30802
11142	30803
11143	30804
11144	30805
11145	30806
11146	30807
11147	30808
11148	30809
11149	30810
11150	30811
11151	30812
11152	30813
11153	30814
11154	30815
11155	30816
11156	30817
11157	30818
11158	30819
11159	30820
11160	30821
11161	30822
11162	30823
11163	30824
11164	30825
11165	30826
11166	30827
11167	30828
11168	30829
11169	30830
11170	30831
11171	30832
11172	30833
11173	30834
11174	30835
11175	30836
11176	30837
11177	30838
11178	30839
11179	30840
11180	30841
11181	30842
11182	30843
11183	30844
11184	30845
11185	30846
11186	30847
11187	30848
11188	30849
11189	30850
11190	30851
11191	30852
11192	30853
11193	30854
11194	30855
11195	30856
11196	30857
11197	30858
11198	30859
11199	30860
11200	30861
11201	30862
11202	30863
11203	30864
11204	30865
11205	30866
11206	30867
11207	30868
11208	30869
11209	30870
11210	30871
11211	30872
11212	30873
11213	30874
11214	30875
11215	30876
11216	30877
11217	30878
11218	30879
11219	30880
11220	30881
11221	30882
11222	30883
11223	30884
11224	30885
11225	30886
11226	30887
11227	30888
11228	30889
11229	30890
11230	30891
11231	30892
11232	30893
11233	30894
11234	30895
11235	30896
11236	30897
11237	30898
11238	30899
11239	30900
11240	30901
11241	30902
11242	30903
11243	30904
11244	30905
11245	30906
11246	30907
11247	30908
11248	30909
11249	30910
11250	30911
11251	30912
11252	30913
11253	30914
11254	30915
11255	30916
11256	30917
11257	30918
11258	30919
11259	30920
11260	30921
11261	30922
11262	30923
11263	30924
11264	30925
11265	30926
11266	30927
11267	30928
11268	30929
11269	30930
11270	30931
11271	30932
11272	30933
11273	30934
11274	30935
11275	30936
11276	30937
11277	30938
11278	30939
11279	30940
11280	30941
11281	30942
11282	30943
11283	30944
11284	30945
11285	30946
11286	30947
11287	30948
11288	30949
11289	30950
11290	30951
11291	30952
11292	30953
11293	30954
11294	30955
11295	30956
11296	30957
11297	30958
11298	30959
11299	30960
11300	30961
11301	30962
11302	30963
11303	30964
11304	30965
11305	30966
11306	30967
11307	30968
11308	30969
11309	30970
11310	30971
11311	30972
11312	30973
11313	30974
11314	30975
11315	30976
11316	30977
11317	30978
11318	30979
11319	30980
11320	30981
11321	30982
11322	30983
11323	30984
11324	30985
11325	30986
11326	30987
11327	30988
11328	30989
11329	30990
11330	30991
11331	30992
11332	30993
11333	30994
11334	30995
11335	30996
11336	30997
11337	30998
11338	30999
11339	31000
11340	31001
11341	31002
11342	31003
11343	31004
11344	31005
11345	31006
11346	31007
11347	31008
11348	31009
11349	31010
11350	31011
11351	31012
11352	31013
11353	31014
11354	31015
11355	31016
11356	31017
11357	31018
11358	31019
11359	31020
11360	31021
11361	31022
11362	31023
11363	31024
11364	31025
11365	31026
11366	31027
11367	31028
11368	31029
11369	31030
11370	31031
11371	31032
11372	31033
11373	31034
11374	31035
11375	31036
11376	31037
11377	31038
11378	31039
11379	31040
11380	31041
11381	31042
11382	31043
11383	31044
11384	31045
11385	31046
11386	31047
11387	31048
11388	31049
11389	31050
11390	31051
11391	31052
11392	31053
11393	31054
11394	31055
11395	31056
11396	31057
11397	31058
11398	31059
11399	31060
11400	31061
11401	31062
11402	31063
11403	31064
11404	31065
11405	31066
11406	31067
11407	31068
11408	31069
11409	31070
11410	31071
11411	31072
11412	31073
11413	31074
11414	31075
11415	31076
11416	31077
11417	31078
11418	31079
11419	31080
11420	31081
11421	31082
11422	31083
11423	31084
11424	31085
11425	31086
11426	31087
11427	31088
11428	31089
11429	31090
11430	31091
11431	31092
11432	31093
11433	31094
11434	31095
11435	31096
11436	31097
11437	31098
11438	31099
11439	31100
11440	31101
11441	31102
11442	31103
11443	31104
11444	31105
11445	31106
11446	31107
11447	31108
11448	31109
11449	31110
11450	31111
11451	31112
11452	31113
11453	31114
11454	31115
11455	31116
11456	31117
11457	31118
11458	31119
11459	31120
11460	31121
11461	31122
11462	31123
11463	31124
11464	31125
11465	31126
11466	31127
11467	31128
11468	31129
11469	31130
11470	31131
11471	31132
11472	31133
11473	31134
11474	31135
11475	31136
11476	31137
11477	31138
11478	31139
11479	31140
11480	31141
11481	31142
11482	31143
11483	31144
11484	31145
11485	31146
11486	31147
11487	31148
11488	31149
11489	31150
11490	31151
11491	31152
11492	31153
11493	31154
11494	31155
11495	31156
11496	31157
11497	31158
11498	31159
11499	31160
11500	31161
11501	31162
11502	31163
11503	31164
11504	31165
11505	31166
11506	31167
11507	31168
11508	31169
11509	31170
11510	31171
11511	31172
11512	31173
11513	31174
11514	31175
11515	31176
11516	31177
11517	31178
11518	31179
11519	31180
11520	31181
11521	31182
11522	31183
11523	31184
11524	31185
11525	31186
11526	31187
11527	31188
11528	31189
11529	31190
11530	31191
11531	31192
11532	31193
11533	31194
11534	31195
11535	31196
11536	31197
11537	31198
11538	31199
11539	31200
11540	31201
11541	31202
11542	31203
11543	31204
11544	31205
11545	31206
11546	31207
11547	31208
11548	31209
11549	31210
11550	31211
11551	31212
11552	31213
11553	31214
11554	31215
11555	31216
11556	31217
11557	31218
11558	31219
11559	31220
11560	31221
11561	31222
11562	31223
11563	31224
11564	31225
11565	31226
11566	31227
11567	31228
11568	31229
11569	31230
11570	31231
11571	31232
11572	31233
11573	31234
11574	31235
11575	31236
11576	31237
11577	31238
11578	31239
11579	31240
11580	31241
11581	31242
11582	31243
11583	31244
11584	31245
11585	31246
11586	31247
11587	31248
11588	31249
11589	31250
11590	31251
11591	31252
11592	31253
11593	31254
11594	31255
11595	31256
11596	31257
11597	31258
11598	31259
11599	31260
11600	31261
11601	31262
11602	31263
11603	31264
11604	31265
11605	31266
11606	31267
11607	31268
11608	31269
11609	31270
11610	31271
11611	31272
11612	31273
11613	31274
11614	31275
11615	31276
11616	31277
11617	31278
11618	31279
11619	31280
11620	31281
11621	31282
11622	31283
11623	31284
11624	31285
11625	31286
11626	31287
11627	31288
11628	31289
11629	31290
11630	31291
11631	31292
11632	31293
11633	31294
11634	31295
11635	31296
11636	31297
11637	31298
11638	31299
11639	31300
11640	31301
11641	31302
11642	31303
11643	31304
11644	31305
11645	31306
11646	31307
11647	31308
11648	31309
11649	31310
11650	31311
11651	31312
11652	31313
11653	31314
11654	31315
11655	31316
11656	31317
11657	31318
11658	31319
11659	31320
11660	31321
11661	31322
11662	31323
11663	31324
11664	31325
11665	31326
11666	31327
11667	31328
11668	31329
11669	31330
11670	31331
11671	31332
11672	31333
11673	31334
11674	31335
11675	31336
11676	31337
11677	31338
11678	31339
11679	31340
11680	31341
11681	31342
11682	31343
11683	31344
11684	31345
11685	31346
11686	31347
11687	31348
11688	31349
11689	31350
11690	31351
11691	31352
11692	31353
11693	31354
11694	31355
11695	31356
11696	31357
11697	31358
11698	31359
11699	31360
11700	31361
11701	31362
11702	31363
11703	31364
11704	31365
11705	31366
11706	31367
11707	31368
11708	31369
11709	31370
11710	31371
11711	31372
11712	31373
11713	31374
11714	31375
11715	31376
11716	31377
11717	31378
11718	31379
11719	31380
11720	31381
11721	31382
11722	31383
11723	31384
11724	31385
11725	31386
11726	31387
11727	31388
11728	31389
11729	31390
11730	31391
11731	31392
11732	31393
11733	31394
11734	31395
11735	31396
11736	31397
11737	31398
11738	31399
11739	31400
11740	31401
11741	31402
11742	31403
11743	31404
11744	31405
11745	31406
11746	31407
11747	31408
11748	31409
11749	31410
11750	31411
11751	31412
11752	31413
11753	31414
11754	31415
11755	31416
11756	31417
11757	31418
11758	31419
11759	31420
11760	31421
11761	31422
11762	31423
11763	31424
11764	31425
11765	31426
11766	31427
11767	31428
11768	31429
11769	31430
11770	31431
11771	31432
11772	31433
11773	31434
11774	31435
11775	31436
11776	31437
11777	31438
11778	31439
11779	31440
11780	31441
11781	31442
11782	31443
11783	31444
11784	31445
11785	31446
11786	31447
11787	31448
11788	31449
11789	31450
11790	31451
11791	31452
11792	31453
11793	31454
11794	31455
11795	31456
11796	31457
11797	31458
11798	31459
11799	31460
11800	31461
11801	31462
11802	31463
11803	31464
11804	31465
11805	31466
11806	31467
11807	31468
11808	31469
11809	31470
11810	31471
11811	31472
11812	31473
11813	31474
11814	31475
11815	31476
11816	31477
11817	31478
11818	31479
11819	31480
11820	31481
11821	31482
11822	31483
11823	31484
11824	31485
11825	31486
11826	31487
11827	31488
11828	31489
11829	31490
11830	31491
11831	31492
11832	31493
11833	31494
11834	31495
11835	31496
11836	31497
11837	31498
11838	31499
11839	31500
11840	31501
11841	31502
11842	31503
11843	31504
11844	31505
11845	31506
11846	31507
11847	31508
11848	31509
11849	31510
11850	31511
11851	31512
11852	31513
11853	31514
11854	31515
11855	31516
11856	31517
11857	31518
11858	31519
11859	31520
11860	31521
11861	31522
11862	31523
11863	31524
11864	31525
11865	31526
11866	31527
11867	31528
11868	31529
11869	31530
11870	31531
11871	31532
11872	31533
11873	31534
11874	31535
11875	31536
11876	31537
11877	31538
11878	31539
11879	31540
11880	31541
11881	31542
11882	31543
11883	31544
11884	31545
11885	31546
11886	31547
11887	31548
11888	31549
11889	31550
11890	31551
11891	31552
11892	31553
11893	31554
11894	31555
11895	31556
11896	31557
11897	31558
11898	31559
11899	31560
11900	31561
11901	31562
11902	31563
11903	31564
11904	31565
11905	31566
11906	31567
11907	31568
11908	31569
11909	31570
11910	31571
11911	31572
11912	31573
11913	31574
11914	31575
11915	31576
11916	31577
11917	31578
11918	31579
11919	31580
11920	31581
11921	31582
11922	31583
11923	31584
11924	31585
11925	31586
11926	31587
11927	31588
11928	31589
11929	31590
11930	31591
11931	31592
11932	31593
11933	31594
11934	31595
11935	31596
11936	31597
11937	31598
11938	31599
11939	31600
11940	31601
11941	31602
11942	31603
11943	31604
11944	31605
11945	31606
11946	31607
11947	31608
11948	31609
11949	31610
11950	31611
11951	31612
11952	31613
11953	31614
11954	31615
11955	31616
11956	31617
11957	31618
11958	31619
11959	31620
11960	31621
11961	31622
11962	31623
11963	31624
11964	31625
11965	31626
11966	31627
11967	31628
11968	31629
11969	31630
11970	31631
11971	31632
11972	31633
11973	31634
11974	31635
11975	31636
11976	31637
11977	31638
11978	31639
11979	31640
11980	31641
11981	31642
11982	31643
11983	31644
11984	31645
11985	31646
11986	31647
11987	31648
11988	31649
11989	31650
11990	31651
11991	31652
11992	31653
11993	31654
11994	31655
11995	31656
11996	31657
11997	31658
11998	31659
11999	31660
12000	31661
12001	31662
12002	31663
12003	31664
12004	31665
12005	31666
12006	31667
12007	31668
12008	31669
12009	31670
12010	31671
12011	31672
12012	31673
12013	31674
12014	31675
12015	31676
12016	31677
12017	31678
12018	31679
12019	31680
12020	31681
12021	31682
12022	31683
12023	31684
12024	31685
12025	31686
12026	31687
12027	31688
12028	31689
12029	31690
12030	31691
12031	31692
12032	31693
12033	31694
12034	31695
12035	31696
12036	31697
12037	31698
12038	31699
12039	31700
12040	31701
12041	31702
12042	31703
12043	31704
12044	31705
12045	31706
12046	31707
12047	31708
12048	31709
12049	31710
12050	31711
12051	31712
12052	31713
12053	31714
12054	31715
12055	31716
12056	31717
12057	31718
12058	31719
12059	31720
12060	31721
12061	31722
12062	31723
12063	31724
12064	31725
12065	31726
12066	31727
12067	31728
12068	31729
12069	31730
12070	31731
12071	31732
12072	31733
12073	31734
12074	31735
12075	31736
12076	31737
12077	31738
12078	31739
12079	31740
12080	31741
12081	31742
12082	31743
12083	31744
12084	31745
12085	31746
12086	31747
12087	31748
12088	31749
12089	31750
12090	31751
12091	31752
12092	31753
12093	31754
12094	31755
12095	31756
12096	31757
12097	31758
12098	31759
12099	31760
12100	31761
12101	31762
12102	31763
12103	31764
12104	31765
12105	31766
12106	31767
12107	31768
12108	31769
12109	31770
12110	31771
12111	31772
12112	31773
12113	31774
12114	31775
12115	31776
12116	31777
12117	31778
12118	31779
12119	31780
12120	31781
12121	31782
12122	31783
12123	31784
12124	31785
12125	31786
12126	31787
12127	31788
12128	31789
12129	31790
12130	31791
12131	31792
12132	31793
12133	31794
12134	31795
12135	31796
12136	31797
12137	31798
12138	31799
12139	31800
12140	31801
12141	31802
12142	31803
12143	31804
12144	31805
12145	31806
12146	31807
12147	31808
12148	31809
12149	31810
12150	31811
12151	31812
12152	31813
12153	31814
12154	31815
12155	31816
12156	31817
12157	31818
12158	31819
12159	31820
12160	31821
12161	31822
12162	31823
12163	31824
12164	31825
12165	31826
12166	31827
12167	31828
12168	31829
12169	31830
12170	31831
12171	31832
12172	31833
12173	31834
12174	31835
12175	31836
12176	31837
12177	31838
12178	31839
12179	31840
12180	31841
12181	31842
12182	31843
12183	31844
12184	31845
12185	31846
12186	31847
12187	31848
12188	31849
12189	31850
12190	31851
12191	31852
12192	31853
12193	31854
12194	31855
12195	31856
12196	31857
12197	31858
12198	31859
12199	31860
12200	31861
12201	31862
12202	31863
12203	31864
12204	31865
12205	31866
12206	31867
12207	31868
12208	31869
12209	31870
12210	31871
12211	31872
12212	31873
12213	31874
12214	31875
12215	31876
12216	31877
12217	31878
12218	31879
12219	31880
12220	31881
12221	31882
12222	31883
12223	31884
12224	31885
12225	31886
12226	31887
12227	31888
12228	31889
12229	31890
12230	31891
12231	31892
12232	31893
12233	31894
12234	31895
12235	31896
12236	31897
12237	31898
12238	31899
12239	31900
12240	31901
12241	31902
12242	31903
12243	31904
12244	31905
12245	31906
12246	31907
12247	31908
12248	31909
12249	31910
12250	31911
12251	31912
12252	31913
12253	31914
12254	31915
12255	31916
12256	31917
12257	31918
12258	31919
12259	31920
12260	31921
12261	31922
12262	31923
12263	31924
12264	31925
12265	31926
12266	31927
12267	31928
12268	31929
12269	31930
12270	31931
12271	31932
12272	31933
12273	31934
12274	31935
12275	31936
12276	31937
12277	31938
12278	31939
12279	31940
12280	31941
12281	31942
12282	31943
12283	31944
12284	31945
12285	31946
12286	31947
12287	31948
12288	31949
12289	31950
12290	31951
12291	31952
12292	31953
12293	31954
12294	31955
12295	31956
12296	31957
12297	31958
12298	31959
12299	31960
12300	31961
12301	31962
12302	31963
12303	31964
12304	31965
12305	31966
12306	31967
12307	31968
12308	31969
12309	31970
12310	31971
12311	31972
12312	31973
12313	31974
12314	31975
12315	31976
12316	31977
12317	31978
12318	31979
12319	31980
12320	31981
12321	31982
12322	31983
12323	31984
12324	31985
12325	31986
12326	31987
12327	31988
12328	31989
12329	31990
12330	31991
12331	31992
12332	31993
12333	31994
12334	31995
12335	31996
12336	31997
12337	31998
12338	31999
12339	32000
12340	32001
12341	32002
12342	32003
12343	32004
12344	32005
12345	32006
12346	32007
12347	32008
12348	32009
12349	32010
12350	32011
12351	32012
12352	32013
12353	32014
12354	32015
12355	32016
12356	32017
12357	32018
12358	32019
12359	32020
12360	32021
12361	32022
12362	32023
12363	32024
12364	32025
12365	32026
12366	32027
12367	32028
12368	32029
12369	32030
12370	32031
12371	32032
12372	32033
12373	32034
12374	32035
12375	32036
12376	32037
12377	32038
12378	32039
12379	32040
12380	32041
12381	32042
12382	32043
12383	32044
12384	32045
12385	32046
12386	32047
12387	32048
12388	32049
12389	32050
12390	32051
12391	32052
12392	32053
12393	32054
12394	32055
12395	32056
12396	32057
12397	32058
12398	32059
12399	32060
12400	32061
12401	32062
12402	32063
12403	32064
12404	32065
12405	32066
12406	32067
12407	32068
12408	32069
12409	32070
12410	32071
12411	32072
12412	32073
12413	32074
12414	32075
12415	32076
12416	32077
12417	32078
12418	32079
12419	32080
12420	32081
12421	32082
12422	32083
12423	32084
12424	32085
12425	32086
12426	32087
12427	32088
12428	32089
12429	32090
12430	32091
12431	32092
12432	32093
12433	32094
12434	32095
12435	32096
12436	32097
12437	32098
12438	32099
12439	32100
12440	32101
12441	32102
12442	32103
12443	32104
12444	32105
12445	32106
12446	32107
12447	32108
12448	32109
12449	32110
12450	32111
12451	32112
12452	32113
12453	32114
12454	32115
12455	32116
12456	32117
12457	32118
12458	32119
12459	32120
12460	32121
12461	32122
12462	32123
12463	32124
12464	32125
12465	32126
12466	32127
12467	32128
12468	32129
12469	32130
12470	32131
12471	32132
12472	32133
12473	32134
12474	32135
12475	32136
12476	32137
12477	32138
12478	32139
12479	32140
12480	32141
12481	32142
12482	32143
12483	32144
12484	32145
12485	32146
12486	32147
12487	32148
12488	32149
12489	32150
12490	32151
12491	32152
12492	32153
12493	32154
12494	32155
12495	32156
12496	32157
12497	32158
12498	32159
12499	32160
12500	32161
12501	32162
12502	32163
12503	32164
12504	32165
12505	32166
12506	32167
12507	32168
12508	32169
12509	32170
12510	32171
12511	32172
12512	32173
12513	32174
12514	32175
12515	32176
12516	32177
12517	32178
12518	32179
12519	32180
12520	32181
12521	32182
12522	32183
12523	32184
12524	32185
12525	32186
12526	32187
12527	32188
12528	32189
12529	32190
12530	32191
12531	32192
12532	32193
12533	32194
12534	32195
12535	32196
12536	32197
12537	32198
12538	32199
12539	32200
12540	32201
12541	32202
12542	32203
12543	32204
12544	32205
12545	32206
12546	32207
12547	32208
12548	32209
12549	32210
12550	32211
12551	32212
12552	32213
12553	32214
12554	32215
12555	32216
12556	32217
12557	32218
12558	32219
12559	32220
12560	32221
12561	32222
12562	32223
12563	32224
12564	32225
12565	32226
12566	32227
12567	32228
12568	32229
12569	32230
12570	32231
12571	32232
12572	32233
12573	32234
12574	32235
12575	32236
12576	32237
12577	32238
12578	32239
12579	32240
12580	32241
12581	32242
12582	32243
12583	32244
12584	32245
12585	32246
12586	32247
12587	32248
12588	32249
12589	32250
12590	32251
12591	32252
12592	32253
12593	32254
12594	32255
12595	32256
12596	32257
12597	32258
12598	32259
12599	32260
12600	32261
12601	32262
12602	32263
12603	32264
12604	32265
12605	32266
12606	32267
12607	32268
12608	32269
12609	32270
12610	32271
12611	32272
12612	32273
12613	32274
12614	32275
12615	32276
12616	32277
12617	32278
12618	32279
12619	32280
12620	32281
12621	32282
12622	32283
12623	32284
12624	32285
12625	32286
12626	32287
12627	32288
12628	32289
12629	32290
12630	32291
12631	32292
12632	32293
12633	32294
12634	32295
12635	32296
12636	32297
12637	32298
12638	32299
12639	32300
12640	32301
12641	32302
12642	32303
12643	32304
12644	32305
12645	32306
12646	32307
12647	32308
12648	32309
12649	32310
12650	32311
12651	32312
12652	32313
12653	32314
12654	32315
12655	32316
12656	32317
12657	32318
12658	32319
12659	32320
12660	32321
12661	32322
12662	32323
12663	32324
12664	32325
12665	32326
12666	32327
12667	32328
12668	32329
12669	32330
12670	32331
12671	32332
12672	32333
12673	32334
12674	32335
12675	32336
12676	32337
12677	32338
12678	32339
12679	32340
12680	32341
12681	32342
12682	32343
12683	32344
12684	32345
12685	32346
12686	32347
12687	32348
12688	32349
12689	32350
12690	32351
12691	32352
12692	32353
12693	32354
12694	32355
12695	32356
12696	32357
12697	32358
12698	32359
12699	32360
12700	32361
12701	32362
12702	32363
12703	32364
12704	32365
12705	32366
12706	32367
12707	32368
12708	32369
12709	32370
12710	32371
12711	32372
12712	32373
12713	32374
12714	32375
12715	32376
12716	32377
12717	32378
12718	32379
12719	32380
12720	32381
12721	32382
12722	32383
12723	32384
12724	32385
12725	32386
12726	32387
12727	32388
12728	32389
12729	32390
12730	32391
12731	32392
12732	32393
12733	32394
12734	32395
12735	32396
12736	32397
12737	32398
12738	32399
12739	32400
12740	32401
12741	32402
12742	32403
12743	32404
12744	32405
12745	32406
12746	32407
12747	32408
12748	32409
12749	32410
12750	32411
12751	32412
12752	32413
12753	32414
12754	32415
12755	32416
12756	32417
12757	32418
12758	32419
12759	32420
12760	32421
12761	32422
12762	32423
12763	32424
12764	32425
12765	32426
12766	32427
12767	32428
12768	32429
12769	32430
12770	32431
12771	32432
12772	32433
12773	32434
12774	32435
12775	32436
12776	32437
12777	32438
12778	32439
12779	32440
12780	32441
12781	32442
12782	32443
12783	32444
12784	32445
12785	32446
12786	32447
12787	32448
12788	32449
12789	32450
12790	32451
12791	32452
12792	32453
12793	32454
12794	32455
12795	32456
12796	32457
12797	32458
12798	32459
12799	32460
12800	32461
12801	32462
12802	32463
12803	32464
12804	32465
12805	32466
12806	32467
12807	32468
12808	32469
12809	32470
12810	32471
12811	32472
12812	32473
12813	32474
12814	32475
12815	32476
12816	32477
12817	32478
12818	32479
12819	32480
12820	32481
12821	32482
12822	32483
12823	32484
12824	32485
12825	32486
12826	32487
12827	32488
12828	32489
12829	32490
12830	32491
12831	32492
12832	32493
12833	32494
12834	32495
12835	32496
12836	32497
12837	32498
12838	32499
12839	32500
12840	32501
12841	32502
12842	32503
12843	32504
12844	32505
12845	32506
12846	32507
12847	32508
12848	32509
12849	32510
12850	32511
12851	32512
12852	32513
12853	32514
12854	32515
12855	32516
12856	32517
12857	32518
12858	32519
12859	32520
12860	32521
12861	32522
12862	32523
12863	32524
12864	32525
12865	32526
12866	32527
12867	32528
12868	32529
12869	32530
12870	32531
12871	32532
12872	32533
12873	32534
12874	32535
12875	32536
12876	32537
12877	32538
12878	32539
12879	32540
12880	32541
12881	32542
12882	32543
12883	32544
12884	32545
12885	32546
12886	32547
12887	32548
12888	32549
12889	32550
12890	32551
12891	32552
12892	32553
12893	32554
12894	32555
12895	32556
12896	32557
12897	32558
12898	32559
12899	32560
12900	32561
12901	32562
12902	32563
12903	32564
12904	32565
12905	32566
12906	32567
12907	32568
12908	32569
12909	32570
12910	32571
12911	32572
12912	32573
12913	32574
12914	32575
12915	32576
12916	32577
12917	32578
12918	32579
12919	32580
12920	32581
12921	32582
12922	32583
12923	32584
12924	32585
12925	32586
12926	32587
12927	32588
12928	32589
12929	32590
12930	32591
12931	32592
12932	32593
12933	32594
12934	32595
12935	32596
12936	32597
12937	32598
12938	32599
12939	32600
12940	32601
12941	32602
12942	32603
12943	32604
12944	32605
12945	32606
12946	32607
12947	32608
12948	32609
12949	32610
12950	32611
12951	32612
12952	32613
12953	32614
12954	32615
12955	32616
12956	32617
12957	32618
12958	32619
12959	32620
12960	32621
12961	32622
12962	32623
12963	32624
12964	32625
12965	32626
12966	32627
12967	32628
12968	32629
12969	32630
12970	32631
12971	32632
12972	32633
12973	32634
12974	32635
12975	32636
12976	32637
12977	32638
12978	32639
12979	32640
12980	32641
12981	32642
12982	32643
12983	32644
12984	32645
12985	32646
12986	32647
12987	32648
12988	32649
12989	32650
12990	32651
12991	32652
12992	32653
12993	32654
12994	32655
12995	32656
12996	32657
12997	32658
12998	32659
12999	32660
13000	32661
13001	32662
13002	32663
13003	32664
13004	32665
13005	32666
13006	32667
13007	32668
13008	32669
13009	32670
13010	32671
13011	32672
13012	32673
13013	32674
13014	32675
13015	32676
13016	32677
13017	32678
13018	32679
13019	32680
13020	32681
13021	32682
13022	32683
13023	32684
13024	32685
13025	32686
13026	32687
13027	32688
13028	32689
13029	32690
13030	32691
13031	32692
13032	32693
13033	32694
13034	32695
13035	32696
13036	32697
13037	32698
13038	32699
13039	32700
13040	32701
13041	32702
13042	32703
13043	32704
13044	32705
13045	32706
13046	32707
13047	32708
13048	32709
13049	32710
13050	32711
13051	32712
13052	32713
13053	32714
13054	32715
13055	32716
13056	32717
13057	32718
13058	32719
13059	32720
13060	32721
13061	32722
13062	32723
13063	32724
13064	32725
13065	32726
13066	32727
13067	32728
13068	32729
13069	32730
13070	32731
13071	32732
13072	32733
13073	32734
13074	32735
13075	32736
13076	32737
13077	32738
13078	32739
13079	32740
13080	32741
13081	32742
13082	32743
13083	32744
13084	32745
13085	32746
13086	32747
13087	32748
13088	32749
13089	32750
13090	32751
13091	32752
13092	32753
13093	32754
13094	32755
13095	32756
13096	32757
13097	32758
13098	32759
13099	32760
13100	32761
13101	32762
13102	32763
13103	32764
13104	32765
13105	32766
13106	32767
13107	32768
13108	32769
13109	32770
13110	32771
13111	32772
13112	32773
13113	32774
13114	32775
13115	32776
13116	32777
13117	32778
13118	32779
13119	32780
13120	32781
13121	32782
13122	32783
13123	32784
13124	32785
13125	32786
13126	32787
13127	32788
13128	32789
13129	32790
13130	32791
13131	32792
13132	32793
13133	32794
13134	32795
13135	32796
13136	32797
13137	32798
13138	32799
13139	32800
13140	32801
13141	32802
13142	32803
13143	32804
13144	32805
13145	32806
13146	32807
13147	32808
13148	32809
13149	32810
13150	32811
13151	32812
13152	32813
13153	32814
13154	32815
13155	32816
13156	32817
13157	32818
13158	32819
13159	32820
13160	32821
13161	32822
13162	32823
13163	32824
13164	32825
13165	32826
13166	32827
13167	32828
13168	32829
13169	32830
13170	32831
13171	32832
13172	32833
13173	32834
13174	32835
13175	32836
13176	32837
13177	32838
13178	32839
13179	32840
13180	32841
13181	32842
13182	32843
13183	32844
13184	32845
13185	32846
13186	32847
13187	32848
13188	32849
13189	32850
13190	32851
13191	32852
13192	32853
13193	32854
13194	32855
13195	32856
13196	32857
13197	32858
13198	32859
13199	32860
13200	32861
13201	32862
13202	32863
13203	32864
13204	32865
13205	32866
13206	32867
13207	32868
13208	32869
13209	32870
13210	32871
13211	32872
13212	32873
13213	32874
13214	32875
13215	32876
13216	32877
13217	32878
13218	32879
13219	32880
13220	32881
13221	32882
13222	32883
13223	32884
13224	32885
13225	32886
13226	32887
13227	32888
13228	32889
13229	32890
13230	32891
13231	32892
13232	32893
13233	32894
13234	32895
13235	32896
13236	32897
13237	32898
13238	32899
13239	32900
13240	32901
13241	32902
13242	32903
13243	32904
13244	32905
13245	32906
13246	32907
13247	32908
13248	32909
13249	32910
13250	32911
13251	32912
13252	32913
13253	32914
13254	32915
13255	32916
13256	32917
13257	32918
13258	32919
13259	32920
13260	32921
13261	32922
13262	32923
13263	32924
13264	32925
13265	32926
13266	32927
13267	32928
13268	32929
13269	32930
13270	32931
13271	32932
13272	32933
13273	32934
13274	32935
13275	32936
13276	32937
13277	32938
13278	32939
13279	32940
13280	32941
13281	32942
13282	32943
13283	32944
13284	32945
13285	32946
13286	32947
13287	32948
13288	32949
13289	32950
13290	32951
13291	32952
13292	32953
13293	32954
13294	32955
13295	32956
13296	32957
13297	32958
13298	32959
13299	32960
13300	32961
13301	32962
13302	32963
13303	32964
13304	32965
13305	32966
13306	32967
13307	32968
13308	32969
13309	32970
13310	32971
13311	32972
13312	32973
13313	32974
13314	32975
13315	32976
13316	32977
13317	32978
13318	32979
13319	32980
13320	32981
13321	32982
13322	32983
13323	32984
13324	32985
13325	32986
13326	32987
13327	32988
13328	32989
13329	32990
13330	32991
13331	32992
13332	32993
13333	32994
13334	32995
13335	32996
13336	32997
13337	32998
13338	32999
13339	33000
13340	33001
13341	33002
13342	33003
13343	33004
13344	33005
13345	33006
13346	33007
13347	33008
13348	33009
13349	33010
13350	33011
13351	33012
13352	33013
13353	33014
13354	33015
13355	33016
13356	33017
13357	33018
13358	33019
13359	33020
13360	33021
13361	33022
13362	33023
13363	33024
13364	33025
13365	33026
13366	33027
13367	33028
13368	33029
13369	33030
13370	33031
13371	33032
13372	33033
13373	33034
13374	33035
13375	33036
13376	33037
13377	33038
13378	33039
13379	33040
13380	33041
13381	33042
13382	33043
13383	33044
13384	33045
13385	33046
13386	33047
13387	33048
13388	33049
13389	33050
13390	33051
13391	33052
13392	33053
13393	33054
13394	33055
13395	33056
13396	33057
13397	33058
13398	33059
13399	33060
13400	33061
13401	33062
13402	33063
13403	33064
13404	33065
13405	33066
13406	33067
13407	33068
13408	33069
13409	33070
13410	33071
13411	33072
13412	33073
13413	33074
13414	33075
13415	33076
13416	33077
13417	33078
13418	33079
13419	33080
13420	33081
13421	33082
13422	33083
13423	33084
13424	33085
13425	33086
13426	33087
13427	33088
13428	33089
13429	33090
13430	33091
13431	33092
13432	33093
13433	33094
13434	33095
13435	33096
13436	33097
13437	33098
13438	33099
13439	33100
13440	33101
13441	33102
13442	33103
13443	33104
13444	33105
13445	33106
13446	33107
13447	33108
13448	33109
13449	33110
13450	33111
13451	33112
13452	33113
13453	33114
13454	33115
13455	33116
13456	33117
13457	33118
13458	33119
13459	33120
13460	33121
13461	33122
13462	33123
13463	33124
13464	33125
13465	33126
13466	33127
13467	33128
13468	33129
13469	33130
13470	33131
13471	33132
13472	33133
13473	33134
13474	33135
13475	33136
13476	33137
13477	33138
13478	33139
13479	33140
13480	33141
13481	33142
13482	33143
13483	33144
13484	33145
13485	33146
13486	33147
13487	33148
13488	33149
13489	33150
13490	33151
13491	33152
13492	33153
13493	33154
13494	33155
13495	33156
13496	33157
13497	33158
13498	33159
13499	33160
13500	33161
13501	33162
13502	33163
13503	33164
13504	33165
13505	33166
13506	33167
13507	33168
13508	33169
13509	33170
13510	33171
13511	33172
13512	33173
13513	33174
13514	33175
13515	33176
13516	33177
13517	33178
13518	33179
13519	33180
13520	33181
13521	33182
13522	33183
13523	33184
13524	33185
13525	33186
13526	33187
13527	33188
13528	33189
13529	33190
13530	33191
13531	33192
13532	33193
13533	33194
13534	33195
13535	33196
13536	33197
13537	33198
13538	33199
13539	33200
13540	33201
13541	33202
13542	33203
13543	33204
13544	33205
13545	33206
13546	33207
13547	33208
13548	33209
13549	33210
13550	33211
13551	33212
13552	33213
13553	33214
13554	33215
13555	33216
13556	33217
13557	33218
13558	33219
13559	33220
13560	33221
13561	33222
13562	33223
13563	33224
13564	33225
13565	33226
13566	33227
13567	33228
13568	33229
13569	33230
13570	33231
13571	33232
13572	33233
13573	33234
13574	33235
13575	33236
13576	33237
13577	33238
13578	33239
13579	33240
13580	33241
13581	33242
13582	33243
13583	33244
13584	33245
13585	33246
13586	33247
13587	33248
13588	33249
13589	33250
13590	33251
13591	33252
13592	33253
13593	33254
13594	33255
13595	33256
13596	33257
13597	33258
13598	33259
13599	33260
13600	33261
13601	33262
13602	33263
13603	33264
13604	33265
13605	33266
13606	33267
13607	33268
13608	33269
13609	33270
13610	33271
13611	33272
13612	33273
13613	33274
13614	33275
13615	33276
13616	33277
13617	33278
13618	33279
13619	33280
13620	33281
13621	33282
13622	33283
13623	33284
13624	33285
13625	33286
13626	33287
13627	33288
13628	33289
13629	33290
13630	33291
13631	33292
13632	33293
13633	33294
13634	33295
13635	33296
13636	33297
13637	33298
13638	33299
13639	33300
13640	33301
13641	33302
13642	33303
13643	33304
13644	33305
13645	33306
13646	33307
13647	33308
13648	33309
13649	33310
13650	33311
13651	33312
13652	33313
13653	33314
13654	33315
13655	33316
13656	33317
13657	33318
13658	33319
13659	33320
13660	33321
13661	33322
13662	33323
13663	33324
13664	33325
13665	33326
13666	33327
13667	33328
13668	33329
13669	33330
13670	33331
13671	33332
13672	33333
13673	33334
13674	33335
13675	33336
13676	33337
13677	33338
13678	33339
13679	33340
13680	33341
13681	33342
13682	33343
13683	33344
13684	33345
13685	33346
13686	33347
13687	33348
13688	33349
13689	33350
13690	33351
13691	33352
13692	33353
13693	33354
13694	33355
13695	33356
13696	33357
13697	33358
13698	33359
13699	33360
13700	33361
13701	33362
13702	33363
13703	33364
13704	33365
13705	33366
13706	33367
13707	33368
13708	33369
13709	33370
13710	33371
13711	33372
13712	33373
13713	33374
13714	33375
13715	33376
13716	33377
13717	33378
13718	33379
13719	33380
13720	33381
13721	33382
13722	33383
13723	33384
13724	33385
13725	33386
13726	33387
13727	33388
13728	33389
13729	33390
13730	33391
13731	33392
13732	33393
13733	33394
13734	33395
13735	33396
13736	33397
13737	33398
13738	33399
13739	33400
13740	33401
13741	33402
13742	33403
13743	33404
13744	33405
13745	33406
13746	33407
13747	33408
13748	33409
13749	33410
13750	33411
13751	33412
13752	33413
13753	33414
13754	33415
13755	33416
13756	33417
13757	33418
13758	33419
13759	33420
13760	33421
13761	33422
13762	33423
13763	33424
13764	33425
13765	33426
13766	33427
13767	33428
13768	33429
13769	33430
13770	33431
13771	33432
13772	33433
13773	33434
13774	33435
13775	33436
13776	33437
13777	33438
13778	33439
13779	33440
13780	33441
13781	33442
13782	33443
13783	33444
13784	33445
13785	33446
13786	33447
13787	33448
13788	33449
13789	33450
13790	33451
13791	33452
13792	33453
13793	33454
13794	33455
13795	33456
13796	33457
13797	33458
13798	33459
13799	33460
13800	33461
13801	33462
13802	33463
13803	33464
13804	33465
13805	33466
13806	33467
13807	33468
13808	33469
13809	33470
13810	33471
13811	33472
13812	33473
13813	33474
13814	33475
13815	33476
13816	33477
13817	33478
13818	33479
13819	33480
13820	33481
13821	33482
13822	33483
13823	33484
13824	33485
13825	33486
13826	33487
13827	33488
13828	33489
13829	33490
13830	33491
13831	33492
13832	33493
13833	33494
13834	33495
13835	33496
13836	33497
13837	33498
13838	33499
13839	33500
13840	33501
13841	33502
13842	33503
13843	33504
13844	33505
13845	33506
13846	33507
13847	33508
13848	33509
13849	33510
13850	33511
13851	33512
13852	33513
13853	33514
13854	33515
13855	33516
13856	33517
13857	33518
13858	33519
13859	33520
13860	33521
13861	33522
13862	33523
13863	33524
13864	33525
13865	33526
13866	33527
13867	33528
13868	33529
13869	33530
13870	33531
13871	33532
13872	33533
13873	33534
13874	33535
13875	33536
13876	33537
13877	33538
13878	33539
13879	33540
13880	33541
13881	33542
13882	33543
13883	33544
13884	33545
13885	33546
13886	33547
13887	33548
13888	33549
13889	33550
13890	33551
13891	33552
13892	33553
13893	33554
13894	33555
13895	33556
13896	33557
13897	33558
13898	33559
13899	33560
13900	33561
13901	33562
13902	33563
13903	33564
13904	33565
13905	33566
13906	33567
13907	33568
13908	33569
13909	33570
13910	33571
13911	33572
13912	33573
13913	33574
13914	33575
13915	33576
13916	33577
13917	33578
13918	33579
13919	33580
13920	33581
13921	33582
13922	33583
13923	33584
13924	33585
13925	33586
13926	33587
13927	33588
13928	33589
13929	33590
13930	33591
13931	33592
13932	33593
13933	33594
13934	33595
13935	33596
13936	33597
13937	33598
13938	33599
13939	33600
13940	33601
13941	33602
13942	33603
13943	33604
13944	33605
13945	33606
13946	33607
13947	33608
13948	33609
13949	33610
13950	33611
13951	33612
13952	33613
13953	33614
13954	33615
13955	33616
13956	33617
13957	33618
13958	33619
13959	33620
13960	33621
13961	33622
13962	33623
13963	33624
13964	33625
13965	33626
13966	33627
13967	33628
13968	33629
13969	33630
13970	33631
13971	33632
13972	33633
13973	33634
13974	33635
13975	33636
13976	33637
13977	33638
13978	33639
13979	33640
13980	33641
13981	33642
13982	33643
13983	33644
13984	33645
13985	33646
13986	33647
13987	33648
13988	33649
13989	33650
13990	33651
13991	33652
13992	33653
13993	33654
13994	33655
13995	33656
13996	33657
13997	33658
13998	33659
13999	33660
14000	33661
14001	33662
14002	33663
14003	33664
14004	33665
14005	33666
14006	33667
14007	33668
14008	33669
14009	33670
14010	33671
14011	33672
14012	33673
14013	33674
14014	33675
14015	33676
14016	33677
14017	33678
14018	33679
14019	33680
14020	33681
14021	33682
14022	33683
14023	33684
14024	33685
14025	33686
14026	33687
14027	33688
14028	33689
14029	33690
14030	33691
14031	33692
14032	33693
14033	33694
14034	33695
14035	33696
14036	33697
14037	33698
14038	33699
14039	33700
14040	33701
14041	33702
14042	33703
14043	33704
14044	33705
14045	33706
14046	33707
14047	33708
14048	33709
14049	33710
14050	33711
14051	33712
14052	33713
14053	33714
14054	33715
14055	33716
14056	33717
14057	33718
14058	33719
14059	33720
14060	33721
14061	33722
14062	33723
14063	33724
14064	33725
14065	33726
14066	33727
14067	33728
14068	33729
14069	33730
14070	33731
14071	33732
14072	33733
14073	33734
14074	33735
14075	33736
14076	33737
14077	33738
14078	33739
14079	33740
14080	33741
14081	33742
14082	33743
14083	33744
14084	33745
14085	33746
14086	33747
14087	33748
14088	33749
14089	33750
14090	33751
14091	33752
14092	33753
14093	33754
14094	33755
14095	33756
14096	33757
14097	33758
14098	33759
14099	33760
14100	33761
14101	33762
14102	33763
14103	33764
14104	33765
14105	33766
14106	33767
14107	33768
14108	33769
14109	33770
14110	33771
14111	33772
14112	33773
14113	33774
14114	33775
14115	33776
14116	33777
14117	33778
14118	33779
14119	33780
14120	33781
14121	33782
14122	33783
14123	33784
14124	33785
14125	33786
14126	33787
14127	33788
14128	33789
14129	33790
14130	33791
14131	33792
14132	33793
14133	33794
14134	33795
14135	33796
14136	33797
14137	33798
14138	33799
14139	33800
14140	33801
14141	33802
14142	33803
14143	33804
14144	33805
14145	33806
14146	33807
14147	33808
14148	33809
14149	33810
14150	33811
14151	33812
14152	33813
14153	33814
14154	33815
14155	33816
14156	33817
14157	33818
14158	33819
14159	33820
14160	33821
14161	33822
14162	33823
14163	33824
14164	33825
14165	33826
14166	33827
14167	33828
14168	33829
14169	33830
14170	33831
14171	33832
14172	33833
14173	33834
14174	33835
14175	33836
14176	33837
14177	33838
14178	33839
14179	33840
14180	33841
14181	33842
14182	33843
14183	33844
14184	33845
14185	33846
14186	33847
14187	33848
14188	33849
14189	33850
14190	33851
14191	33852
14192	33853
14193	33854
14194	33855
14195	33856
14196	33857
14197	33858
14198	33859
14199	33860
14200	33861
14201	33862
14202	33863
14203	33864
14204	33865
14205	33866
14206	33867
14207	33868
14208	33869
14209	33870
14210	33871
14211	33872
14212	33873
14213	33874
14214	33875
14215	33876
14216	33877
14217	33878
14218	33879
14219	33880
14220	33881
14221	33882
14222	33883
14223	33884
14224	33885
14225	33886
14226	33887
14227	33888
14228	33889
14229	33890
14230	33891
14231	33892
14232	33893
14233	33894
14234	33895
14235	33896
14236	33897
14237	33898
14238	33899
14239	33900
14240	33901
14241	33902
14242	33903
14243	33904
14244	33905
14245	33906
14246	33907
14247	33908
14248	33909
14249	33910
14250	33911
14251	33912
14252	33913
14253	33914
14254	33915
14255	33916
14256	33917
14257	33918
14258	33919
14259	33920
14260	33921
14261	33922
14262	33923
14263	33924
14264	33925
14265	33926
14266	33927
14267	33928
14268	33929
14269	33930
14270	33931
14271	33932
14272	33933
14273	33934
14274	33935
14275	33936
14276	33937
14277	33938
14278	33939
14279	33940
14280	33941
14281	33942
14282	33943
14283	33944
14284	33945
14285	33946
14286	33947
14287	33948
14288	33949
14289	33950
14290	33951
14291	33952
14292	33953
14293	33954
14294	33955
14295	33956
14296	33957
14297	33958
14298	33959
14299	33960
14300	33961
14301	33962
14302	33963
14303	33964
14304	33965
14305	33966
14306	33967
14307	33968
14308	33969
14309	33970
14310	33971
14311	33972
14312	33973
14313	33974
14314	33975
14315	33976
14316	33977
14317	33978
14318	33979
14319	33980
14320	33981
14321	33982
14322	33983
14323	33984
14324	33985
14325	33986
14326	33987
14327	33988
14328	33989
14329	33990
14330	33991
14331	33992
14332	33993
14333	33994
14334	33995
14335	33996
14336	33997
14337	33998
14338	33999
14339	34000
14340	34001
14341	34002
14342	34003
14343	34004
14344	34005
14345	34006
14346	34007
14347	34008
14348	34009
14349	34010
14350	34011
14351	34012
14352	34013
14353	34014
14354	34015
14355	34016
14356	34017
14357	34018
14358	34019
14359	34020
14360	34021
14361	34022
14362	34023
14363	34024
14364	34025
14365	34026
14366	34027
14367	34028
14368	34029
14369	34030
14370	34031
14371	34032
14372	34033
14373	34034
14374	34035
14375	34036
14376	34037
14377	34038
14378	34039
14379	34040
14380	34041
14381	34042
14382	34043
14383	34044
14384	34045
14385	34046
14386	34047
14387	34048
14388	34049
14389	34050
14390	34051
14391	34052
14392	34053
14393	34054
14394	34055
14395	34056
14396	34057
14397	34058
14398	34059
14399	34060
14400	34061
14401	34062
14402	34063
14403	34064
14404	34065
14405	34066
14406	34067
14407	34068
14408	34069
14409	34070
14410	34071
14411	34072
14412	34073
14413	34074
14414	34075
14415	34076
14416	34077
14417	34078
14418	34079
14419	34080
14420	34081
14421	34082
14422	34083
14423	34084
14424	34085
14425	34086
14426	34087
14427	34088
14428	34089
14429	34090
14430	34091
14431	34092
14432	34093
14433	34094
14434	34095
14435	34096
14436	34097
14437	34098
14438	34099
14439	34100
14440	34101
14441	34102
14442	34103
14443	34104
14444	34105
14445	34106
14446	34107
14447	34108
14448	34109
14449	34110
14450	34111
14451	34112
14452	34113
14453	34114
14454	34115
14455	34116
14456	34117
14457	34118
14458	34119
14459	34120
14460	34121
14461	34122
14462	34123
14463	34124
14464	34125
14465	34126
14466	34127
14467	34128
14468	34129
14469	34130
14470	34131
14471	34132
14472	34133
14473	34134
14474	34135
14475	34136
14476	34137
14477	34138
14478	34139
14479	34140
14480	34141
14481	34142
14482	34143
14483	34144
14484	34145
14485	34146
14486	34147
14487	34148
14488	34149
14489	34150
14490	34151
14491	34152
14492	34153
14493	34154
14494	34155
14495	34156
14496	34157
14497	34158
14498	34159
14499	34160
14500	34161
14501	34162
14502	34163
14503	34164
14504	34165
14505	34166
14506	34167
14507	34168
14508	34169
14509	34170
14510	34171
14511	34172
14512	34173
14513	34174
14514	34175
14515	34176
14516	34177
14517	34178
14518	34179
14519	34180
14520	34181
14521	34182
14522	34183
14523	34184
14524	34185
14525	34186
14526	34187
14527	34188
14528	34189
14529	34190
14530	34191
14531	34192
14532	34193
14533	34194
14534	34195
14535	34196
14536	34197
14537	34198
14538	34199
14539	34200
14540	34201
14541	34202
14542	34203
14543	34204
14544	34205
14545	34206
14546	34207
14547	34208
14548	34209
14549	34210
14550	34211
14551	34212
14552	34213
14553	34214
14554	34215
14555	34216
14556	34217
14557	34218
14558	34219
14559	34220
14560	34221
14561	34222
14562	34223
14563	34224
14564	34225
14565	34226
14566	34227
14567	34228
14568	34229
14569	34230
14570	34231
14571	34232
14572	34233
14573	34234
14574	34235
14575	34236
14576	34237
14577	34238
14578	34239
14579	34240
14580	34241
14581	34242
14582	34243
14583	34244
14584	34245
14585	34246
14586	34247
14587	34248
14588	34249
14589	34250
14590	34251
14591	34252
14592	34253
14593	34254
14594	34255
14595	34256
14596	34257
14597	34258
14598	34259
14599	34260
14600	34261
14601	34262
14602	34263
14603	34264
14604	34265
14605	34266
14606	34267
14607	34268
14608	34269
14609	34270
14610	34271
14611	34272
14612	34273
14613	34274
14614	34275
14615	34276
14616	34277
14617	34278
14618	34279
14619	34280
14620	34281
14621	34282
14622	34283
14623	34284
14624	34285
14625	34286
14626	34287
14627	34288
14628	34289
14629	34290
14630	34291
14631	34292
14632	34293
14633	34294
14634	34295
14635	34296
14636	34297
14637	34298
14638	34299
14639	34300
14640	34301
14641	34302
14642	34303
14643	34304
14644	34305
14645	34306
14646	34307
14647	34308
14648	34309
14649	34310
14650	34311
14651	34312
14652	34313
14653	34314
14654	34315
14655	34316
14656	34317
14657	34318
14658	34319
14659	34320
14660	34321
14661	34322
14662	34323
14663	34324
14664	34325
14665	34326
14666	34327
14667	34328
14668	34329
14669	34330
14670	34331
14671	34332
14672	34333
14673	34334
14674	34335
14675	34336
14676	34337
14677	34338
14678	34339
14679	34340
14680	34341
14681	34342
14682	34343
14683	34344
14684	34345
14685	34346
14686	34347
14687	34348
14688	34349
14689	34350
14690	34351
14691	34352
14692	34353
14693	34354
14694	34355
14695	34356
14696	34357
14697	34358
14698	34359
14699	34360
14700	34361
14701	34362
14702	34363
14703	34364
14704	34365
14705	34366
14706	34367
14707	34368
14708	34369
14709	34370
14710	34371
14711	34372
14712	34373
14713	34374
14714	34375
14715	34376
14716	34377
14717	34378
14718	34379
14719	34380
14720	34381
14721	34382
14722	34383
14723	34384
14724	34385
14725	34386
14726	34387
14727	34388
14728	34389
14729	34390
14730	34391
14731	34392
14732	34393
14733	34394
14734	34395
14735	34396
14736	34397
14737	34398
14738	34399
14739	34400
14740	34401
14741	34402
14742	34403
14743	34404
14744	34405
14745	34406
14746	34407
14747	34408
14748	34409
14749	34410
14750	34411
14751	34412
14752	34413
14753	34414
14754	34415
14755	34416
14756	34417
14757	34418
14758	34419
14759	34420
14760	34421
14761	34422
14762	34423
14763	34424
14764	34425
14765	34426
14766	34427
14767	34428
14768	34429
14769	34430
14770	34431
14771	34432
14772	34433
14773	34434
14774	34435
14775	34436
14776	34437
14777	34438
14778	34439
14779	34440
14780	34441
14781	34442
14782	34443
14783	34444
14784	34445
14785	34446
14786	34447
14787	34448
14788	34449
14789	34450
14790	34451
14791	34452
14792	34453
14793	34454
14794	34455
14795	34456
14796	34457
14797	34458
14798	34459
14799	34460
14800	34461
14801	34462
14802	34463
14803	34464
14804	34465
14805	34466
14806	34467
14807	34468
14808	34469
14809	34470
14810	34471
14811	34472
14812	34473
14813	34474
14814	34475
14815	34476
14816	34477
14817	34478
14818	34479
14819	34480
14820	34481
14821	34482
14822	34483
14823	34484
14824	34485
14825	34486
14826	34487
14827	34488
14828	34489
14829	34490
14830	34491
14831	34492
14832	34493
14833	34494
14834	34495
14835	34496
14836	34497
14837	34498
14838	34499
14839	34500
14840	34501
14841	34502
14842	34503
14843	34504
14844	34505
14845	34506
14846	34507
14847	34508
14848	34509
14849	34510
14850	34511
14851	34512
14852	34513
14853	34514
14854	34515
14855	34516
14856	34517
14857	34518
14858	34519
14859	34520
14860	34521
14861	34522
14862	34523
14863	34524
14864	34525
14865	34526
14866	34527
14867	34528
14868	34529
14869	34530
14870	34531
14871	34532
14872	34533
14873	34534
14874	34535
14875	34536
14876	34537
14877	34538
14878	34539
14879	34540
14880	34541
14881	34542
14882	34543
14883	34544
14884	34545
14885	34546
14886	34547
14887	34548
14888	34549
14889	34550
14890	34551
14891	34552
14892	34553
14893	34554
14894	34555
14895	34556
14896	34557
14897	34558
14898	34559
14899	34560
14900	34561
14901	34562
14902	34563
14903	34564
14904	34565
14905	34566
14906	34567
14907	34568
14908	34569
14909	34570
14910	34571
14911	34572
14912	34573
14913	34574
14914	34575
14915	34576
14916	34577
14917	34578
14918	34579
14919	34580
14920	34581
14921	34582
14922	34583
14923	34584
14924	34585
14925	34586
14926	34587
14927	34588
14928	34589
14929	34590
14930	34591
14931	34592
14932	34593
14933	34594
14934	34595
14935	34596
14936	34597
14937	34598
14938	34599
14939	34600
14940	34601
14941	34602
14942	34603
14943	34604
14944	34605
14945	34606
14946	34607
14947	34608
14948	34609
14949	34610
14950	34611
14951	34612
14952	34613
14953	34614
14954	34615
14955	34616
14956	34617
14957	34618
14958	34619
14959	34620
14960	34621
14961	34622
14962	34623
14963	34624
14964	34625
14965	34626
14966	34627
14967	34628
14968	34629
14969	34630
14970	34631
14971	34632
14972	34633
14973	34634
14974	34635
14975	34636
14976	34637
14977	34638
14978	34639
14979	34640
14980	34641
14981	34642
14982	34643
14983	34644
14984	34645
14985	34646
14986	34647
14987	34648
14988	34649
14989	34650
14990	34651
14991	34652
14992	34653
14993	34654
14994	34655
14995	34656
14996	34657
14997	34658
14998	34659
14999	34660
