4637	19637
6880	21880
672	15672
6994	21994
6412	21412
933	15933
3685	18685
1166	16166
5890	20890
85	15085
487	15487
5207	20207
1148	16148
4998	19998
4661	19661
290	15290
8827	23827
2755	17755
8582	23582
301	15301
6258	21258
482	15482
7942	22942
7810	22810
8029	23029
5060	20060
9325	24325
7413	22413
5290	20290
8190	23190
7051	22051
10021	25021
2325	17325
914	15914
8947	23947
4806	19806
6929	21929
271	15271
7007	22007
3073	18073
9953	24953
716	15716
3967	18967
848	15848
9250	24250
3675	18675
4844	19844
7313	22313
7760	22760
6735	21735
527	15527
8743	23743
3686	18686
6612	21612
4759	19759
2767	17767
5834	20834
9030	24030
6239	21239
3564	18564
8984	23984
6455	21455
9933	24933
9681	24681
7445	22445
4393	19393
7097	22097
6843	21843
2058	17058
5360	20360
7842	22842
9652	24652
9853	24853
5683	20683
2264	17264
289	15289
6640	21640
3928	18928
5667	20667
415	15415
8178	23178
7451	22451
10379	25379
7281	22281
6596	21596
6559	21559
3431	18431
5532	20532
8959	23959
7930	22930
10498	25498
141	15141
4312	19312
4792	19792
8917	23917
5875	20875
1864	16864
9445	24445
9456	24456
4798	19798
6196	21196
6660	21660
1039	16039
5350	20350
6118	21118
2437	17437
2950	17950
6632	21632
5440	20440
1982	16982
2944	17944
134	15134
3628	18628
5637	20637
5986	20986
1648	16648
3209	18209
7846	22846
9251	24251
4438	19438
8222	23222
1889	16889
5702	20702
6126	21126
9288	24288
5283	20283
6784	21784
1998	16998
2351	17351
2604	17604
9359	24359
3867	18867
8968	23968
7708	22708
8369	23369
6438	21438
7964	22964
6307	21307
3845	18845
5432	20432
3796	18796
6103	21103
9112	24112
7929	22929
9575	24575
8698	23698
7126	22126
1835	16835
6714	21714
4107	19107
9016	24016
2436	17436
1941	16941
10442	25442
1999	16999
3486	18486
7086	22086
7847	22847
8127	23127
3359	18359
1784	16784
4059	19059
4313	19313
5250	20250
4570	19570
9449	24449
541	15541
5732	20732
3582	18582
3315	18315
5247	20247
7604	22604
4184	19184
1408	16408
7510	22510
5191	20191
266	15266
7150	22150
7635	22635
2586	17586
9907	24907
3442	18442
1373	16373
2498	17498
7265	22265
5965	20965
5820	20820
10421	25421
9061	24061
9224	24224
2687	17687
790	15790
9622	24622
2514	17514
4328	19328
3064	18064
10174	25174
8017	23017
7333	22333
1030	16030
8558	23558
5689	20689
9059	24059
9143	24143
3227	18227
7913	22913
1054	16054
7419	22419
8427	23427
4916	19916
2401	17401
9903	24903
2703	17703
2462	17462
1381	16381
3484	18484
8392	23392
2569	17569
10337	25337
2298	17298
3412	18412
4023	19023
4799	19799
4892	19892
8481	23481
4038	19038
606	15606
3692	18692
6704	21704
6069	21069
10089	25089
6811	21811
7093	22093
2775	17775
3939	18939
9757	24757
4529	19529
8646	23646
3316	18316
4649	19649
2902	17902
2468	17468
9269	24269
7083	22083
987	15987
8713	23713
4834	19834
5317	20317
3540	18540
6192	21192
10053	25053
9869	24869
4337	19337
1321	16321
8940	23940
4323	19323
6143	21143
5263	20263
8219	23219
9600	24600
1683	16683
9271	24271
10464	25464
1991	16991
7045	22045
7545	22545
9765	24765
2988	17988
730	15730
466	15466
681	15681
5041	20041
441	15441
5409	20409
9758	24758
4103	19103
10011	25011
2920	17920
10214	25214
6174	21174
2791	17791
6842	21842
1348	16348
7807	22807
1943	16943
3774	18774
6973	21973
1185	16185
1521	16521
49	15049
5347	20347
3695	18695
4090	19090
2073	17073
3684	18684
4108	19108
7416	22416
3624	18624
7494	22494
391	15391
6649	21649
723	15723
7356	22356
1828	16828
3527	18527
7899	22899
8203	23203
457	15457
796	15796
8994	23994
2434	17434
4164	19164
8723	23723
3610	18610
9391	24391
216	15216
7598	22598
4775	19775
7308	22308
7144	22144
9991	24991
5236	20236
6124	21124
1901	16901
9302	24302
7394	22394
8805	23805
8774	23774
6970	21970
6270	21270
5654	20654
6925	21925
4575	19575
6163	21163
3889	18889
2562	17562
6453	21453
1886	16886
2590	17590
7112	22112
2598	17598
9446	24446
426	15426
5751	20751
5864	20864
5710	20710
6128	21128
659	15659
3280	18280
2193	17193
7958	22958
5023	20023
3056	18056
3438	18438
769	15769
5089	20089
2071	17071
5529	20529
8990	23990
8439	23439
2860	17860
5678	20678
10016	25016
2314	17314
2300	17300
6353	21353
5952	20952
6140	21140
10003	25003
4474	19474
929	15929
7239	22239
2115	17115
4433	19433
9964	24964
4150	19150
3242	18242
1272	16272
8888	23888
9104	24104
1834	16834
3805	18805
450	15450
4681	19681
8540	23540
898	15898
2896	17896
1496	16496
234	15234
9843	24843
6240	21240
6380	21380
9163	24163
363	15363
7322	22322
3219	18219
2544	17544
5749	20749
8819	23819
8281	23281
6496	21496
3995	18995
378	15378
3270	18270
9204	24204
5361	20361
8930	23930
2677	17677
4700	19700
31	15031
8311	23311
2662	17662
7092	22092
3808	18808
1286	16286
7367	22367
2795	17795
10304	25304
6021	21021
7291	22291
4725	19725
7408	22408
4830	19830
7155	22155
1961	16961
9649	24649
4031	19031
1086	16086
4086	19086
5628	20628
6095	21095
9047	24047
7951	22951
4352	19352
5203	20203
6194	21194
5768	20768
6055	21055
4593	19593
1897	16897
6450	21450
8331	23331
7874	22874
6732	21732
6729	21729
9106	24106
10462	25462
6433	21433
4139	19139
2760	17760
5405	20405
6613	21613
7644	22644
9374	24374
1331	16331
9667	24667
6536	21536
1015	16015
4937	19937
2253	17253
9384	24384
9931	24931
6424	21424
1178	16178
6560	21560
3278	18278
8279	23279
4604	19604
719	15719
2155	17155
3083	18083
5185	20185
1492	16492
7685	22685
3035	18035
5244	20244
8185	23185
7551	22551
6029	21029
8569	23569
6576	21576
9095	24095
8750	23750
2112	17112
7076	22076
6953	21953
10224	25224
6033	21033
1265	16265
4881	19881
1777	16777
6288	21288
2031	17031
392	15392
10461	25461
4510	19510
1997	16997
1602	16602
5319	20319
8083	23083
8202	23202
4451	19451
744	15744
1141	16141
4267	19267
243	15243
8578	23578
4853	19853
814	15814
9318	24318
1856	16856
958	15958
7048	22048
7932	22932
6986	21986
3000	18000
9088	24088
5588	20588
4363	19363
6598	21598
6777	21777
9114	24114
372	15372
9676	24676
5615	20615
4652	19652
4409	19409
1614	16614
9357	24357
9621	24621
6198	21198
3232	18232
268	15268
10080	25080
2539	17539
8053	23053
9432	24432
92	15092
8666	23666
6944	21944
3514	18514
1996	16996
9401	24401
1816	16816
8662	23662
3409	18409
6395	21395
6003	21003
6354	21354
6874	21874
3781	18781
9050	24050
2046	17046
9970	24970
7690	22690
3363	18363
847	15847
10316	25316
6216	21216
2423	17423
6540	21540
1524	16524
3120	18120
8337	23337
6701	21701
8362	23362
1242	16242
8758	23758
7498	22498
137	15137
3981	18981
7641	22641
1992	16992
9845	24845
1213	16213
9431	24431
7319	22319
559	15559
7024	22024
10412	25412
5221	20221
4477	19477
6169	21169
1666	16666
6591	21591
37	15037
5971	20971
8513	23513
2326	17326
919	15919
7237	22237
8018	23018
5064	20064
6414	21414
6351	21351
6484	21484
9557	24557
4233	19233
9375	24375
3595	18595
10494	25494
1603	16603
1553	16553
3429	18429
3874	18874
312	15312
5325	20325
9770	24770
5031	20031
9670	24670
632	15632
1379	16379
4641	19641
9137	24137
1804	16804
2485	17485
8358	23358
10259	25259
3679	18679
8177	23177
3200	18200
9281	24281
3528	18528
8435	23435
8032	23032
4981	19981
7152	22152
10385	25385
9781	24781
2466	17466
4734	19734
5367	20367
6323	21323
8385	23385
2990	17990
2274	17274
7715	22715
8530	23530
8809	23809
2516	17516
2705	17705
6113	21113
6828	21828
8004	23004
1126	16126
5404	20404
2171	17171
262	15262
4805	19805
2061	17061
253	15253
9249	24249
2093	17093
6313	21313
6508	21508
6955	21955
9881	24881
3581	18581
5645	20645
2868	17868
2140	17140
4101	19101
2202	17202
8910	23910
825	15825
8707	23707
62	15062
4092	19092
68	15068
7447	22447
5340	20340
10445	25445
8460	23460
4812	19812
5903	20903
9661	24661
8315	23315
10448	25448
5669	20669
6481	21481
2833	17833
177	15177
101	15101
8725	23725
8367	23367
5810	20810
3694	18694
5809	20809
8139	23139
905	15905
1968	16968
3378	18378
9653	24653
1433	16433
8636	23636
41	15041
4991	19991
2123	17123
207	15207
1860	16860
4794	19794
7866	22866
3576	18576
8728	23728
8115	23115
1280	16280
7519	22519
5744	20744
10474	25474
4181	19181
3622	18622
6905	21905
4116	19116
4310	19310
9111	24111
6049	21049
3583	18583
3864	18864
7876	22876
3406	18406
2825	17825
5685	20685
1657	16657
677	15677
4253	19253
5760	20760
6961	21961
794	15794
6298	21298
1900	16900
3800	18800
377	15377
6000	21000
3456	18456
10367	25367
9859	24859
7098	22098
2268	17268
7749	22749
8094	23094
4172	19172
8440	23440
358	15358
10032	25032
3489	18489
7577	22577
2983	17983
4219	19219
2648	17648
7990	22990
7016	22016
1680	16680
7998	22998
1453	16453
572	15572
9134	24134
762	15762
3689	18689
1360	16360
7830	22830
9216	24216
910	15910
1584	16584
431	15431
9177	24177
2566	17566
807	15807
6013	21013
10407	25407
3192	18192
2960	17960
8522	23522
8577	23577
10440	25440
2738	17738
1535	16535
10205	25205
3644	18644
6341	21341
8630	23630
9533	24533
8889	23889
4228	19228
3921	18921
10433	25433
339	15339
6072	21072
8484	23484
8121	23121
4979	19979
9494	24494
10056	25056
228	15228
4387	19387
9089	24089
4833	19833
4746	19746
7583	22583
5377	20377
2080	17080
8512	23512
6477	21477
10022	25022
3097	18097
2463	17463
6695	21695
5887	20887
3647	18647
5445	20445
10395	25395
7169	22169
7157	22157
2241	17241
6719	21719
7966	22966
4448	19448
894	15894
1522	16522
7234	22234
6088	21088
7752	22752
6742	21742
5050	20050
3829	18829
1717	16717
8443	23443
9839	24839
8160	23160
7235	22235
1077	16077
7914	22914
115	15115
4155	19155
1033	16033
9686	24686
7759	22759
2448	17448
5642	20642
76	15076
4416	19416
6443	21443
8312	23312
4625	19625
7368	22368
8364	23364
811	15811
4180	19180
398	15398
7923	22923
7839	22839
3736	18736
5138	20138
1763	16763
745	15745
7711	22711
2774	17774
1894	16894
1204	16204
6355	21355
4300	19300
5047	20047
6755	21755
4565	19565
1201	16201
476	15476
2211	17211
8541	23541
2882	17882
364	15364
9378	24378
9469	24469
5455	20455
4296	19296
7468	22468
5486	20486
8468	23468
211	15211
4680	19680
3888	18888
9570	24570
2972	17972
8511	23511
2659	17659
5866	20866
3404	18404
9173	24173
7538	22538
2457	17457
5900	20900
7995	22995
9763	24763
1083	16083
8649	23649
1494	16494
9222	24222
7794	22794
7983	22983
8502	23502
3833	18833
7832	22832
5787	20787
3825	18825
1258	16258
9857	24857
3741	18741
7444	22444
6848	21848
1016	16016
6740	21740
2142	17142
3661	18661
2723	17723
9687	24687
9714	24714
7305	22305
9039	24039
985	15985
5874	20874
7049	22049
4598	19598
2567	17567
3356	18356
3575	18575
4671	19671
6024	21024
8771	23771
628	15628
5112	20112
7050	22050
3008	18008
1117	16117
5914	20914
36	15036
8531	23531
9808	24808
7786	22786
2028	17028
9308	24308
1779	16779
5717	20717
5911	20911
79	15079
3015	18015
8860	23860
2323	17323
8991	23991
1261	16261
279	15279
9065	24065
5437	20437
4494	19494
6861	21861
6818	21818
6111	21111
8556	23556
6571	21571
7060	22060
10378	25378
133	15133
7571	22571
8052	23052
1219	16219
9663	24663
10065	25065
6289	21289
2479	17479
973	15973
5359	20359
8744	23744
8244	23244
8432	23432
8412	23412
5738	20738
4391	19391
2943	17943
8458	23458
2247	17247
9726	24726
2397	17397
7528	22528
4493	19493
1038	16038
6205	21205
8703	23703
8616	23616
1476	16476
6296	21296
7201	22201
7197	22197
3700	18700
1720	16720
8386	23386
9060	24060
5091	20091
9242	24242
6934	21934
8878	23878
2810	17810
10276	25276
2601	17601
