8694	28355
2975	22636
7890	27551
9794	29455
8433	28094
8974	28635
4157	23818
7052	26713
4392	24053
10061	29722
7118	26779
2145	21806
1315	20976
3588	23249
9396	29057
4735	24396
5777	25438
7553	27214
3977	23638
316	19977
5322	24983
3299	22960
9364	29025
7425	27086
7250	26911
565	20226
8831	28492
6861	26522
4503	24164
8734	28395
4760	24421
252	19913
1672	21333
939	20600
1382	21043
9743	29404
1617	21278
2799	22460
10445	30106
3295	22956
5941	25602
5626	25287
10337	29998
1912	21573
4042	23703
5450	25111
2625	22286
2928	22589
9374	29035
10399	30060
5758	25419
9579	29240
4574	24235
901	20562
4552	24213
1794	21455
6755	26416
7571	27232
5087	24748
4470	24131
6109	25770
4387	24048
2059	21720
1242	20903
10231	29892
6372	26033
1789	21450
2117	21778
6610	26271
6175	25836
153	19814
2406	22067
2039	21700
4287	23948
5664	25325
6017	25678
493	20154
1878	21539
2513	22174
4240	23901
6640	26301
9427	29088
8200	27861
6571	26232
7870	27531
2038	21699
110	19771
1935	21596
8038	27699
9492	29153
2358	22019
734	20395
1500	21161
5722	25383
2649	22310
2400	22061
5987	25648
7925	27586
4254	23915
4538	24199
6192	25853
9236	28897
245	19906
414	20075
1846	21507
3326	22987
9413	29074
566	20227
810	20471
2537	22198
2134	21795
9694	29355
4554	24215
3684	23345
991	20652
5876	25537
8256	27917
1593	21254
3213	22874
2200	21861
2257	21918
3471	23132
7015	26676
7374	27035
3288	22949
5783	25444
5427	25088
2716	22377
6583	26244
2439	22100
7229	26890
2622	22283
8483	28144
9341	29002
7424	27085
8650	28311
7393	27054
26	19687
1344	21005
7124	26785
8688	28349
9907	29568
36	19697
5958	25619
2289	21950
1719	21380
6587	26248
4878	24539
4513	24174
4246	23907
7849	27510
182	19843
7695	27356
8847	28508
6310	25971
1365	21026
10178	29839
9252	28913
9602	29263
2141	21802
2432	22093
1498	21159
1018	20679
6734	26395
8324	27985
7201	26862
2468	22129
5309	24970
2129	21790
5760	25421
3612	23273
9309	28970
7062	26723
5061	24722
216	19877
1529	21190
646	20307
72	19733
8890	28551
7759	27420
6692	26353
2105	21766
5920	25581
6413	26074
8634	28295
4067	23728
6268	25929
1369	21030
876	20537
8815	28476
7478	27139
4199	23860
7084	26745
3234	22895
5440	25101
5505	25166
5191	24852
2312	21973
8785	28446
1613	21274
9852	29513
20	19681
5743	25404
2495	22156
66	19727
9371	29032
7831	27492
271	19932
3761	23422
6137	25798
3523	23184
7684	27345
3815	23476
3860	23521
919	20580
6918	26579
8673	28334
2520	22181
5736	25397
9712	29373
4109	23770
9923	29584
3324	22985
2988	22649
1888	21549
4464	24125
10476	30137
6234	25895
3430	23091
5570	25231
9821	29482
9054	28715
9578	29239
8455	28116
3910	23571
5425	25086
6306	25967
2336	21997
8525	28186
550	20211
9090	28751
1944	21605
4793	24454
6528	26189
6061	25722
1994	21655
10463	30124
424	20085
10479	30140
9731	29392
152	19813
7897	27558
2916	22577
4865	24526
6976	26637
7484	27145
8224	27885
1078	20739
8435	28096
3413	23074
9134	28795
2961	22622
5953	25614
6199	25860
10181	29842
7836	27497
6585	26246
10237	29898
8973	28634
8839	28500
8283	27944
5407	25068
4103	23764
806	20467
5444	25105
288	19949
10485	30146
3468	23129
3355	23016
3426	23087
8811	28472
6812	26473
1506	21167
4517	24178
9946	29607
6113	25774
6441	26102
5517	25178
5090	24751
8304	27965
7085	26746
965	20626
10066	29727
441	20102
7594	27255
9769	29430
10089	29750
5196	24857
2784	22445
8726	28387
9839	29500
5237	24898
7488	27149
2576	22237
7392	27053
4771	24432
7160	26821
6381	26042
3138	22799
10238	29899
793	20454
7589	27250
6977	26638
10029	29690
1614	21275
4364	24025
4907	24568
8293	27954
2285	21946
4612	24273
8398	28059
6615	26276
7176	26837
7070	26731
9631	29292
6188	25849
2518	22179
2338	21999
5153	24814
2488	22149
7793	27454
9619	29280
2263	21924
6681	26342
8152	27813
9369	29030
7083	26744
9481	29142
1661	21322
8848	28509
6202	25863
8952	28613
373	20034
1257	20918
575	20236
4656	24317
119	19780
3627	23288
880	20541
1546	21207
9377	29038
6011	25672
9857	29518
1072	20733
3725	23386
8624	28285
1909	21570
3406	23067
2568	22229
773	20434
3787	23448
4186	23847
6364	26025
302	19963
3096	22757
4255	23916
2917	22578
3185	22846
9571	29232
6349	26010
9829	29490
2050	21711
925	20586
6212	25873
8263	27924
4436	24097
603	20264
720	20381
5303	24964
9653	29314
8172	27833
9846	29507
10072	29733
1714	21375
4111	23772
2640	22301
7778	27439
2532	22193
10298	29959
8780	28441
6277	25938
923	20584
10062	29723
8469	28130
5810	25471
1154	20815
1571	21232
6668	26329
1717	21378
3838	23499
3392	23053
1081	20742
9768	29429
1925	21586
8563	28224
6345	26006
4910	24571
412	20073
8792	28453
5640	25301
8732	28393
98	19759
929	20590
2208	21869
8242	27903
5359	25020
5693	25354
8055	27716
3498	23159
3110	22771
8078	27739
9950	29611
6004	25665
6377	26038
3750	23411
2655	22316
7725	27386
1000	20661
7876	27537
6669	26330
2904	22565
2831	22492
1668	21329
2077	21738
8379	28040
3928	23589
4371	24032
1880	21541
8944	28605
2618	22279
3911	23572
9634	29295
1153	20814
9832	29493
951	20612
5812	25473
5414	25075
579	20240
4395	24056
5162	24823
57	19718
9648	29309
8083	27744
6036	25697
3061	22722
2418	22079
3113	22774
253	19914
835	20496
1370	21031
5219	24880
9722	29383
1855	21516
5806	25467
5923	25584
946	20607
280	19941
9867	29528
3231	22892
4592	24253
6093	25754
8110	27771
8277	27938
2114	21775
10468	30129
10073	29734
4024	23685
9603	29264
9287	28948
9261	28922
3936	23597
6521	26182
3881	23542
1481	21142
10080	29741
5964	25625
2720	22381
3691	23352
8728	28389
7863	27524
8142	27803
5255	24916
10004	29665
4174	23835
2607	22268
6655	26316
1569	21230
2584	22245
743	20404
8948	28609
9685	29346
7297	26958
4845	24506
8536	28197
7024	26685
5438	25099
7517	27178
6679	26340
3226	22887
3115	22776
7933	27594
6983	26644
9630	29291
847	20508
9079	28740
7414	27075
9947	29608
2519	22180
10139	29800
7855	27516
758	20419
6169	25830
9837	29498
4164	23825
10271	29932
81	19742
2566	22227
4797	24458
10318	29979
4766	24427
6182	25843
621	20282
5692	25353
2844	22505
7170	26831
8166	27827
2251	21912
6143	25804
10465	30126
1493	21154
8106	27767
5412	25073
5328	24989
8826	28487
9268	28929
5811	25472
7095	26756
6871	26532
2037	21698
4929	24590
890	20551
6407	26068
9034	28695
3891	23552
5596	25257
6907	26568
443	20104
8895	28556
9459	29120
6323	25984
8420	28081
1338	20999
9620	29281
4869	24530
8902	28563
8109	27770
1991	21652
592	20253
10222	29883
5126	24787
5660	25321
5026	24687
3207	22868
5148	24809
4649	24310
6971	26632
886	20547
8662	28323
10251	29912
1731	21392
5381	25042
9866	29527
8619	28280
7117	26778
6985	26646
7680	27341
2290	21951
2271	21932
4976	24637
4559	24220
1190	20851
10459	30120
387	20048
204	19865
7011	26672
6387	26048
4944	24605
7666	27327
2638	22299
7399	27060
9006	28667
671	20332
4805	24466
9783	29444
9875	29536
8121	27782
2371	22032
970	20631
7017	26678
3132	22793
237	19898
2149	21810
6184	25845
9101	28762
8951	28612
5662	25323
4068	23729
1805	21466
393	20054
6870	26531
986	20647
1200	20861
8716	28377
6216	25877
436	20097
3418	23079
2586	22247
6056	25717
4340	24001
144	19805
2877	22538
7319	26980
8942	28603
8076	27737
4323	23984
4124	23785
10046	29707
10011	29672
9629	29290
8841	28502
10048	29709
9689	29350
1245	20906
1896	21557
7042	26703
3112	22773
4769	24430
4393	24054
5132	24793
5969	25630
2703	22364
7369	27030
6792	26453
6297	25958
1342	21003
2554	22215
2659	22320
8103	27764
5512	25173
1443	21104
10077	29738
5190	24851
5032	24693
2839	22500
844	20505
2308	21969
8280	27941
3055	22716
5293	24954
5202	24863
4380	24041
1867	21528
1884	21545
9257	28918
3952	23613
7576	27237
2283	21944
552	20213
7256	26917
1467	21128
9854	29515
7465	27126
10069	29730
8346	28007
9456	29117
9122	28783
4827	24488
2872	22533
8473	28134
863	20524
8590	28251
7210	26871
7148	26809
5429	25090
9643	29304
784	20445
9874	29535
6392	26053
2698	22359
1611	21272
2930	22591
2360	22021
1544	21205
8043	27704
4840	24501
8572	28233
1509	21170
8223	27884
5868	25529
6715	26376
6609	26270
347	20008
10379	30040
7249	26910
5194	24855
697	20358
4984	24645
2580	22241
3893	23554
2847	22508
9050	28711
7411	27072
7245	26906
2173	21834
1629	21290
3610	23271
3019	22680
4333	23994
1622	21283
9845	29506
5118	24779
6282	25943
5861	25522
2888	22549
9692	29353
4187	23848
4339	24000
6416	26077
2401	22062
6092	25753
5872	25533
6756	26417
9286	28947
6263	25924
5704	25365
9473	29134
1290	20951
3961	23622
2459	22120
2820	22481
5784	25445
1328	20989
2798	22459
9229	28890
1461	21122
8389	28050
9776	29437
1298	20959
7149	26810
7136	26797
6023	25684
7186	26847
10026	29687
2122	21783
8217	27878
8177	27838
3982	23643
7208	26869
2853	22514
6572	26233
5041	24702
9520	29181
4236	23897
140	19801
324	19985
3046	22707
4687	24348
4077	23738
4195	23856
4474	24135
6763	26424
6686	26347
6160	25821
249	19910
6618	26279
1004	20665
5560	25221
6336	25997
9210	28871
3572	23233
4404	24065
7500	27161
602	20263
8450	28111
6678	26339
5738	25399
5891	25552
5292	24953
8406	28067
9228	28889
10147	29808
1046	20707
6515	26176
6205	25866
618	20279
1563	21224
661	20322
7745	27406
7689	27350
8021	27682
809	20470
4716	24377
4354	24015
9277	28938
10403	30064
8361	28022
1267	20928
7681	27342
2704	22365
7335	26996
1193	20854
1423	21084
9680	29341
4291	23952
3073	22734
329	19990
1205	20866
3635	23296
875	20536
6823	26484
7893	27554
1213	20874
1469	21130
4257	23918
8878	28539
5623	25284
8039	27700
6219	25880
4729	24390
7183	26844
8607	28268
6469	26130
8205	27866
6904	26565
2104	21765
1514	21175
8981	28642
1180	20841
5587	25248
7241	26902
8336	27997
1777	21438
262	19923
2672	22333
5579	25240
379	20040
2761	22422
419	20080
3062	22723
8632	28293
183	19844
5486	25147
6288	25949
5702	25363
2277	21938
3198	22859
7802	27463
7491	27152
2746	22407
634	20295
8542	28203
6767	26428
3043	22704
8040	27701
9201	28862
6047	25708
5299	24960
2690	22351
8562	28223
9202	28863
9938	29599
3071	22732
8970	28631
3870	23531
3932	23593
3253	22914
8932	28593
10431	30092
163	19824
5315	24976
4957	24618
5785	25446
3494	23155
363	20024
7387	27048
2074	21735
7692	27353
5473	25134
3009	22670
8765	28426
3643	23304
9206	28867
3109	22770
6781	26442
2836	22497
2862	22523
1863	21524
10179	29840
141	19802
10390	30051
3915	23576
9242	28903
2494	22155
2788	22449
9638	29299
6905	26566
6444	26105
7305	26966
9167	28828
8533	28194
3942	23603
8273	27934
5897	25558
2015	21676
6365	26026
7248	26909
3522	23183
9146	28807
7894	27555
7776	27437
4357	24018
9822	29483
6797	26458
1999	21660
3892	23553
9869	29530
10428	30089
1091	20752
3762	23423
4860	24521
4644	24305
8462	28123
3247	22908
2274	21935
924	20585
2962	22623
9960	29621
4480	24141
534	20195
8020	27681
1286	20947
8729	28390
10146	29807
8999	28660
10408	30069
4522	24183
8574	28235
9320	28981
4606	24267
9916	29577
909	20570
1690	21351
5470	25131
3980	23641
2766	22427
4985	24646
1039	20700
7688	27349
4583	24244
1631	21292
6018	25679
1115	20776
8850	28511
4473	24134
6804	26465
9474	29135
5347	25008
2156	21817
5879	25540
2959	22620
5466	25127
7334	26995
4832	24493
1669	21330
2426	22087
2295	21956
9297	28958
4478	24139
7045	26706
8344	28005
3988	23649
7750	27411
2150	21811
6136	25797
2845	22506
9964	29625
7979	27640
1738	21399
9292	28953
6347	26008
