10449	25449
3547	18547
7002	22002
5509	20509
7565	22565
4348	19348
1015	16015
9643	24643
3118	18118
4937	19937
9771	24771
5052	20052
9562	24562
9961	24961
8370	23370
3988	18988
2369	17369
6061	21061
5382	20382
5811	20811
8968	23968
7967	22967
2734	17734
571	15571
3879	18879
3151	18151
4292	19292
8676	23676
4409	19409
10308	25308
201	15201
7934	22934
3039	18039
5295	20295
3243	18243
5535	20535
1675	16675
3403	18403
7127	22127
3187	18187
4850	19850
1594	16594
359	15359
7978	22978
4184	19184
7670	22670
7065	22065
2075	17075
6689	21689
8268	23268
10145	25145
1633	16633
1034	16034
3438	18438
4956	19956
9304	24304
2750	17750
2952	17952
667	15667
3637	18637
2202	17202
6106	21106
10407	25407
182	15182
10389	25389
261	15261
10316	25316
215	15215
4533	19533
2433	17433
3228	18228
1127	16127
2911	17911
1367	16367
7884	22884
4730	19730
1121	16121
3324	18324
4701	19701
3296	18296
6877	21877
3040	18040
900	15900
10222	25222
6743	21743
3571	18571
8868	23868
8890	23890
149	15149
7528	22528
3293	18293
4467	19467
2167	17167
1467	16467
1207	16207
932	15932
4044	19044
7889	22889
2623	17623
5069	20069
616	15616
1810	16810
6770	21770
207	15207
6508	21508
7828	22828
5666	20666
3758	18758
2562	17562
1203	16203
8928	23928
3282	18282
1645	16645
410	15410
7345	22345
10429	25429
3815	18815
209	15209
2071	17071
7559	22559
1698	16698
7325	22325
7128	22128
6252	21252
1673	16673
8920	23920
6449	21449
9020	24020
732	15732
1373	16373
4615	19615
4568	19568
8977	23977
7998	22998
2204	17204
4168	19168
9122	24122
9572	24572
5281	20281
5846	20846
4712	19712
7011	22011
2814	17814
9883	24883
4429	19429
3132	18132
4790	19790
3517	18517
9064	24064
9454	24454
10450	25450
10039	25039
431	15431
3859	18859
1974	16974
8241	23241
6915	21915
8150	23150
1209	16209
9472	24472
4643	19643
2165	17165
682	15682
10265	25265
2411	17411
1490	16490
1580	16580
8121	23121
9664	24664
9189	24189
5313	20313
8181	23181
8857	23857
5175	20175
10391	25391
1929	16929
2784	17784
9120	24120
2091	17091
7836	22836
7398	22398
6261	21261
4927	19927
9893	24893
609	15609
6024	21024
7303	22303
7777	22777
1046	16046
1189	16189
3455	18455
7298	22298
3675	18675
6790	21790
9383	24383
6425	21425
7880	22880
210	15210
1593	16593
6576	21576
2383	17383
4232	19232
10212	25212
8298	23298
2614	17614
10225	25225
3196	18196
4165	19165
6446	21446
3096	18096
1669	16669
5864	20864
5860	20860
10012	25012
6447	21447
8240	23240
128	15128
3029	18029
7024	22024
3451	18451
5305	20305
7775	22775
5319	20319
2995	17995
3133	18133
1968	16968
8147	23147
1564	16564
1718	16718
1958	16958
5312	20312
815	15815
10013	25013
10062	25062
6995	21995
4084	19084
1859	16859
2231	17231
4210	19210
411	15411
9205	24205
5318	20318
4843	19843
9514	24514
4810	19810
1734	16734
9456	24456
9371	24371
6086	21086
8600	23600
4756	19756
9696	24696
8442	23442
4637	19637
4298	19298
9031	24031
5660	20660
5687	20687
6869	21869
2120	17120
6328	21328
1390	16390
9619	24619
9920	24920
4375	19375
4158	19158
474	15474
6828	21828
144	15144
1198	16198
4281	19281
3322	18322
3616	18616
9602	24602
3557	18557
1063	16063
5720	20720
6759	21759
3266	18266
7976	22976
2790	17790
7815	22815
7713	22713
8947	23947
256	15256
8450	23450
6147	21147
3641	18641
7409	22409
7922	22922
7751	22751
8285	23285
4175	19175
1869	16869
6222	21222
2786	17786
1723	16723
9355	24355
1091	16091
220	15220
8761	23761
5349	20349
2177	17177
2193	17193
2633	17633
7730	22730
3327	18327
644	15644
9800	24800
8003	23003
6173	21173
3109	18109
681	15681
734	15734
1541	16541
5376	20376
800	15800
3644	18644
6779	21779
4221	19221
10122	25122
2537	17537
3114	18114
151	15151
1298	16298
1721	16721
65	15065
6752	21752
2745	17745
4150	19150
9055	24055
2962	17962
2725	17725
9412	24412
4319	19319
619	15619
8776	23776
2697	17697
7981	22981
1646	16646
2470	17470
9319	24319
3473	18473
579	15579
7451	22451
9068	24068
6415	21415
10117	25117
9778	24778
8625	23625
6237	21237
3818	18818
5483	20483
7945	22945
4587	19587
6964	21964
4886	19886
8942	23942
1790	16790
9660	24660
943	15943
8746	23746
498	15498
5825	20825
10018	25018
6672	21672
1118	16118
4059	19059
1518	16518
4423	19423
3694	18694
2854	17854
2658	17658
2140	17140
8647	23647
1876	16876
5375	20375
6974	21974
3284	18284
5198	20198
7156	22156
8619	23619
7877	22877
2090	17090
1664	16664
731	15731
1906	16906
8636	23636
3363	18363
9492	24492
1226	16226
9012	24012
1702	16702
6941	21941
9836	24836
238	15238
4795	19795
7366	22366
2862	17862
3542	18542
9262	24262
515	15515
8000	23000
9102	24102
5065	20065
5992	20992
5274	20274
513	15513
4408	19408
4293	19293
7056	22056
5815	20815
1353	16353
6315	21315
7231	22231
10176	25176
7539	22539
3798	18798
4604	19604
8075	23075
5222	20222
7061	22061
7041	22041
6020	21020
2070	17070
4225	19225
4609	19609
3990	18990
1452	16452
8519	23519
5697	20697
5921	20921
3490	18490
7566	22566
6154	21154
9674	24674
6720	21720
10243	25243
10486	25486
7070	22070
645	15645
4683	19683
6254	21254
1544	16544
1125	16125
9467	24467
3535	18535
9957	24957
275	15275
9751	24751
6193	21193
2552	17552
5531	20531
1261	16261
5642	20642
6772	21772
8605	23605
8254	23254
3432	18432
2960	17960
9363	24363
297	15297
3793	18793
769	15769
6139	21139
5994	20994
8266	23266
563	15563
5363	20363
1347	16347
7153	22153
9508	24508
2944	17944
10334	25334
7662	22662
7455	22455
5879	20879
5396	20396
6963	21963
9272	24272
1451	16451
5805	20805
4686	19686
9740	24740
10372	25372
5259	20259
9025	24025
897	15897
227	15227
9924	24924
1075	16075
4075	19075
1010	16010
5057	20057
1763	16763
4800	19800
2673	17673
2227	17227
8431	23431
2940	17940
496	15496
10488	25488
8344	23344
5169	20169
4353	19353
9980	24980
10351	25351
2195	17195
3900	18900
10346	25346
5466	20466
10301	25301
4664	19664
9259	24259
4277	19277
8422	23422
970	15970
2425	17425
7028	22028
7588	22588
1089	16089
4626	19626
812	15812
6111	21111
1632	16632
4569	19569
9111	24111
4859	19859
3540	18540
852	15852
1113	16113
5422	20422
1550	16550
1370	16370
10363	25363
2121	17121
4700	19700
4041	19041
6460	21460
5428	20428
2897	17897
7878	22878
9925	24925
2276	17276
3378	18378
2634	17634
6036	21036
2045	17045
3585	18585
5817	20817
1572	16572
93	15093
6595	21595
2421	17421
5582	20582
10058	25058
4343	19343
6326	21326
4398	19398
8752	23752
929	15929
8976	23976
4449	19449
4518	19518
7163	22163
8310	23310
6388	21388
7574	22574
6433	21433
5949	20949
9668	24668
4835	19835
2557	17557
57	15057
7679	22679
267	15267
164	15164
7684	22684
3500	18500
6912	21912
7131	22131
8974	23974
9502	24502
9895	24895
10310	25310
1602	16602
3716	18716
735	15735
6656	21656
8092	23092
9878	24878
798	15798
10467	25467
7514	22514
3364	18364
2831	17831
633	15633
8878	23878
7365	22365
8696	23696
5809	20809
7469	22469
8786	23786
10266	25266
916	15916
4019	19019
293	15293
7971	22971
8226	23226
2533	17533
4033	19033
2595	17595
3311	18311
2738	17738
7882	22882
8851	23851
4114	19114
3436	18436
9152	24152
9561	24561
6935	21935
9590	24590
7924	22924
2191	17191
101	15101
6124	21124
9597	24597
7966	22966
163	15163
5754	20754
9563	24563
10343	25343
8992	23992
1381	16381
5212	20212
3472	18472
7410	22410
10115	25115
3980	18980
1687	16687
856	15856
5356	20356
1001	16001
7556	22556
5165	20165
8274	23274
2135	17135
1881	16881
8709	23709
9053	24053
2914	17914
8455	23455
6824	21824
9997	24997
4759	19759
3647	18647
4003	19003
8018	23018
5821	20821
5089	20089
3741	18741
8034	23034
10067	25067
2890	17890
2032	17032
4909	19909
1488	16488
2639	17639
8194	23194
4644	19644
379	15379
2460	17460
501	15501
939	15939
7353	22353
6504	21504
7741	22741
779	15779
7756	22756
6834	21834
9730	24730
7315	22315
4801	19801
9650	24650
4214	19214
7686	22686
8719	23719
4187	19187
4606	19606
9659	24659
8576	23576
9314	24314
1758	16758
6334	21334
4394	19394
9647	24647
1009	16009
913	15913
8807	23807
4750	19750
6875	21875
9852	24852
9607	24607
1588	16588
5424	20424
5490	20490
8704	23704
1266	16266
4774	19774
615	15615
218	15218
8102	23102
1109	16109
5806	20806
4822	19822
8436	23436
7467	22467
497	15497
8114	23114
3028	18028
3305	18305
1701	16701
6513	21513
309	15309
7190	22190
7000	22000
2534	17534
7463	22463
4456	19456
5459	20459
10339	25339
2349	17349
6787	21787
7804	22804
7521	22521
1523	16523
8922	23922
1526	16526
7504	22504
5121	20121
7647	22647
9480	24480
8595	23595
6662	21662
6354	21354
3389	18389
10032	25032
9342	24342
7194	22194
118	15118
6544	21544
2386	17386
6738	21738
6942	21942
2857	17857
5099	20099
4404	19404
8742	23742
1177	16177
10251	25251
5733	20733
3985	18985
4924	19924
2948	17948
4384	19384
5795	20795
7921	22921
9854	24854
7553	22553
10393	25393
5328	20328
392	15392
8481	23481
10273	25273
8592	23592
4981	19981
3271	18271
6603	21603
5194	20194
2891	17891
9649	24649
2050	17050
5503	20503
7322	22322
8369	23369
3107	18107
8783	23783
5276	20276
10491	25491
1746	16746
2363	17363
5388	20388
6928	21928
6495	21495
9535	24535
2509	17509
2915	17915
72	15072
8138	23138
2494	17494
9238	24238
8894	23894
2164	17164
2798	17798
1158	16158
10433	25433
4133	19133
7590	22590
6140	21140
3736	18736
1897	16897
847	15847
3772	18772
3350	18350
4307	19307
9865	24865
8846	23846
6730	21730
6280	21280
6783	21783
3206	18206
4748	19748
1176	16176
824	15824
2754	17754
3751	18751
7555	22555
4316	19316
9943	24943
625	15625
1487	16487
7748	22748
9908	24908
2928	17928
6536	21536
6323	21323
4012	19012
3640	18640
353	15353
7905	22905
9717	24717
5596	20596
8677	23677
6636	21636
9387	24387
9859	24859
7668	22668
3910	18910
1071	16071
10435	25435
4181	19181
7381	22381
3917	18917
1278	16278
3157	18157
1852	16852
1954	16954
4596	19596
8651	23651
2582	17582
3723	18723
4978	19978
8350	23350
761	15761
8511	23511
9425	24425
3775	18775
9934	24934
3828	18828
4584	19584
2447	17447
651	15651
893	15893
7126	22126
5032	20032
417	15417
624	15624
1479	16479
2961	17961
1519	16519
4519	19519
2912	17912
7119	22119
8948	23948
88	15088
9307	24307
37	15037
1072	16072
2491	17491
4614	19614
5586	20586
7622	22622
6659	21659
7160	22160
2887	17887
4977	19977
6732	21732
3846	18846
4830	19830
5155	20155
8667	23667
9049	24049
5895	20895
2622	17622
9523	24523
6736	21736
8009	23009
6263	21263
1842	16842
992	15992
8317	23317
7800	22800
6218	21218
3055	18055
4427	19427
1587	16587
3102	18102
2430	17430
6951	21951
674	15674
10302	25302
276	15276
9732	24732
783	15783
691	15691
7838	22838
5508	20508
5820	20820
8695	23695
559	15559
2039	17039
5587	20587
525	15525
8973	23973
6519	21519
5983	20983
8534	23534
4654	19654
7477	22477
9442	24442
6012	21012
1492	16492
5399	20399
2852	17852
2942	17942
7709	22709
1296	16296
1612	16612
2044	17044
4608	19608
3808	18808
8410	23410
1185	16185
2668	17668
6133	21133
5348	20348
10147	25147
540	15540
6493	21493
465	15465
2254	17254
7750	22750
1605	16605
6683	21683
6209	21209
9393	24393
3884	18884
4648	19648
9757	24757
10418	25418
9519	24519
2900	17900
8938	23938
5633	20633
3903	18903
7004	22004
2596	17596
10413	25413
9596	24596
8811	23811
5351	20351
7738	22738
5662	20662
3477	18477
7395	22395
10371	25371
222	15222
8494	23494
1305	16305
1989	16989
7743	22743
9529	24529
6643	21643
7014	22014
8443	23443
1368	16368
8588	23588
6581	21581
2902	17902
904	15904
