6743	26557
6744	26558
5079	24893
6557	26371
6702	26516
9233	29047
1589	21403
6139	25953
5339	25153
2196	22010
5630	25444
2073	21887
7418	27232
2340	22154
6141	25955
7178	26992
1553	21367
6732	26546
2655	22469
6604	26418
6837	26651
799	20613
7552	27366
5744	25558
6440	26254
2099	21913
9705	29519
5354	25168
1563	21377
216	20030
2822	22636
8325	28139
665	20479
6601	26415
7478	27292
5597	25411
9758	29572
10165	29979
4157	23971
7768	27582
5548	25362
1724	21538
4057	23871
2918	22732
8638	28452
4084	23898
7512	27326
2668	22482
1619	21433
197	20011
5036	24850
6972	26786
2608	22422
1309	21123
4540	24354
6128	25942
5792	25606
9753	29567
3211	23025
8270	28084
1377	21191
8093	27907
2088	21902
1267	21081
3657	23471
9301	29115
4832	24646
7717	27531
790	20604
9612	29426
9181	28995
437	20251
6582	26396
6387	26201
1469	21283
9504	29318
3474	23288
9400	29214
3669	23483
1035	20849
7417	27231
2901	22715
2141	21955
7756	27570
160	19974
6538	26352
7642	27456
5965	25779
9714	29528
7989	27803
4519	24333
8696	28510
7522	27336
4444	24258
6596	26410
289	20103
9868	29682
5599	25413
720	20534
5346	25160
5696	25510
868	20682
1495	21309
4861	24675
8112	27926
10085	29899
6021	25835
1901	21715
9334	29148
1585	21399
6490	26304
820	20634
8364	28178
9277	29091
3831	23645
7947	27761
9763	29577
6494	26308
9994	29808
5987	25801
7797	27611
6709	26523
2312	22126
9079	28893
3118	22932
7510	27324
3595	23409
9484	29298
2201	22015
1052	20866
8726	28540
4523	24337
2781	22595
6318	26132
9837	29651
7770	27584
360	20174
3290	23104
2790	22604
5660	25474
7685	27499
293	20107
9640	29454
3889	23703
4813	24627
5990	25804
1842	21656
814	20628
34	19848
7792	27606
7983	27797
3221	23035
5658	25472
258	20072
907	20721
2251	22065
8678	28492
9454	29268
9169	28983
4258	24072
4135	23949
9290	29104
5459	25273
6109	25923
979	20793
5259	25073
9488	29302
9473	29287
7638	27452
8327	28141
5604	25418
5383	25197
9548	29362
5106	24920
7656	27470
175	19989
8557	28371
7737	27551
9436	29250
8057	27871
10110	29924
4138	23952
6905	26719
3373	23187
802	20616
1816	21630
6480	26294
7215	27029
1241	21055
2362	22176
6692	26506
7357	27171
3390	23204
6422	26236
3088	22902
9475	29289
4656	24470
3404	23218
2811	22625
5519	25333
8841	28655
8253	28067
3754	23568
5705	25519
8818	28632
1883	21697
10424	30238
9695	29509
6820	26634
3099	22913
1776	21590
9584	29398
804	20618
6071	25885
3271	23085
5082	24896
1694	21508
10041	29855
6011	25825
406	20220
1586	21400
8836	28650
3749	23563
1973	21787
7286	27100
2578	22392
4113	23927
7456	27270
3775	23589
5144	24958
8425	28239
3740	23554
1312	21126
8072	27886
1591	21405
4308	24122
2518	22332
598	20412
5242	25056
1351	21165
2408	22222
8792	28606
9201	29015
6013	25827
1037	20851
956	20770
6622	26436
6455	26269
7344	27158
9465	29279
10269	30083
2475	22289
9455	29269
2861	22675
10059	29873
4336	24150
8046	27860
31	19845
4799	24613
4601	24415
48	19862
350	20164
8344	28158
6908	26722
2838	22652
84	19898
4604	24418
2188	22002
1718	21532
3420	23234
7831	27645
7981	27795
9882	29696
1863	21677
3243	23057
9888	29702
3788	23602
9192	29006
2503	22317
2029	21843
3322	23136
3468	23282
2342	22156
2008	21822
9049	28863
3739	23553
8096	27910
471	20285
3617	23431
3397	23211
2110	21924
3156	22970
9386	29200
2357	22171
8817	28631
9886	29700
5229	25043
5674	25488
6438	26252
1688	21502
10290	30104
7287	27101
3773	23587
8153	27967
734	20548
8062	27876
8390	28204
2439	22253
8906	28720
4243	24057
6473	26287
8282	28096
5670	25484
1421	21235
115	19929
6238	26052
7296	27110
2673	22487
6285	26099
4043	23857
1720	21534
7426	27240
3830	23644
7946	27760
5785	25599
1799	21613
891	20705
801	20615
3587	23401
1993	21807
4031	23845
7868	27682
4654	24468
8546	28360
2156	21970
7217	27031
9757	29571
1288	21102
7011	26825
1002	20816
9288	29102
8226	28040
8099	27913
2911	22725
2021	21835
3349	23163
2815	22629
9078	28892
3200	23014
7651	27465
4195	24009
4310	24124
7318	27132
3477	23291
10414	30228
1214	21028
4535	24349
6028	25842
7906	27720
7385	27199
9811	29625
7921	27735
2876	22690
7958	27772
3956	23770
10420	30234
2965	22779
6142	25956
7072	26886
4217	24031
6726	26540
7807	27621
1579	21393
2691	22505
898	20712
7862	27676
2137	21951
8143	27957
2344	22158
1828	21642
5302	25116
8812	28626
10475	30289
4202	24016
9115	28929
3712	23526
1094	20908
377	20191
1537	21351
2679	22493
2216	22030
3941	23755
342	20156
7380	27194
8222	28036
3372	23186
10466	30280
6581	26395
6468	26282
5903	25717
628	20442
10318	30132
9909	29723
6654	26468
402	20216
4764	24578
9496	29310
8602	28416
1934	21748
8555	28369
347	20161
9988	29802
10415	30229
366	20180
5301	25115
6794	26608
3277	23091
7813	27627
8775	28589
676	20490
7626	27440
10174	29988
2502	22316
2103	21917
10176	29990
8311	28125
9138	28952
895	20709
2595	22409
3726	23540
775	20589
9205	29019
5546	25360
8110	27924
76	19890
6522	26336
698	20512
2516	22330
2085	21899
4875	24689
1511	21325
578	20392
9239	29053
9312	29126
632	20446
4291	24105
3500	23314
3238	23052
9396	29210
4216	24030
1131	20945
10066	29880
6517	26331
10120	29934
2688	22502
4136	23950
10453	30267
972	20786
3911	23725
7959	27773
6114	25928
1386	21200
8548	28362
8286	28100
2448	22262
5409	25223
8810	28624
5753	25567
1665	21479
447	20261
4895	24709
6912	26726
10303	30117
4321	24135
1304	21118
8338	28152
6259	26073
2494	22308
5316	25130
3691	23505
711	20525
276	20090
315	20129
1443	21257
3841	23655
4187	24001
3027	22841
9817	29631
4353	24167
235	20049
2753	22567
8544	28358
6277	26091
6205	26019
8094	27908
2930	22744
1843	21657
5620	25434
3231	23045
603	20417
5474	25288
5541	25355
1772	21586
10440	30254
3190	23004
6078	25892
1356	21170
751	20565
3138	22952
5977	25791
9797	29611
8446	28260
7415	27229
476	20290
9831	29645
2916	22730
7158	26972
5177	24991
1148	20962
6429	26243
5889	25703
10206	30020
694	20508
4846	24660
9350	29164
2040	21854
1963	21777
10447	30261
3510	23324
4304	24118
7295	27109
9823	29637
1110	20924
4558	24372
1887	21701
5417	25231
8078	27892
10266	30080
6033	25847
3384	23198
6611	26425
9428	29242
9766	29580
416	20230
5852	25666
2392	22206
6152	25966
882	20696
2267	22081
9796	29610
3483	23297
7992	27806
1150	20964
10257	30071
8884	28698
10028	29842
393	20207
1592	21406
4641	24455
3182	22996
1596	21410
3150	22964
7408	27222
4038	23852
5183	24997
5026	24840
7062	26876
566	20380
7298	27112
2977	22791
4534	24348
4976	24790
1236	21050
9015	28829
1551	21365
4860	24674
7019	26833
452	20266
4298	24112
7390	27204
7820	27634
5221	25035
6653	26467
7911	27725
7387	27201
9286	29100
1152	20966
5363	25177
95	19909
2836	22650
10020	29834
1257	21071
5468	25282
10405	30219
900	20714
4532	24346
10215	30029
7074	26888
2123	21937
10117	29931
3682	23496
4445	24259
1542	21356
2135	21949
4215	24029
4982	24796
4597	24411
960	20774
1987	21801
7966	27780
7388	27202
10435	30249
8287	28101
5584	25398
8321	28135
6426	26240
10006	29820
2795	22609
1320	21134
6030	25844
2624	22438
8284	28098
902	20716
6845	26659
1642	21456
6998	26812
426	20240
7048	26862
7118	26932
9864	29678
9441	29255
3144	22958
1584	21398
2534	22348
2835	22649
7354	27168
7583	27397
9901	29715
4390	24204
8967	28781
8000	27814
2832	22646
10010	29824
9954	29768
701	20515
5589	25403
7173	26987
2871	22685
5042	24856
2846	22660
3516	23330
7422	27236
2126	21940
565	20379
9262	29076
2403	22217
5461	25275
6669	26483
4694	24508
7753	27567
2148	21962
3527	23341
4721	24535
3838	23652
712	20526
4611	24425
1819	21633
10123	29937
8331	28145
9511	29325
6607	26421
8915	28729
3540	23354
5963	25777
3900	23714
2588	22402
5370	25184
5959	25773
789	20603
3484	23298
4994	24808
3357	23171
2459	22273
2868	22682
3974	23788
3731	23545
8910	28724
10465	30279
9424	29238
9468	29282
10409	30223
8820	28634
508	20322
7392	27206
9130	28944
5467	25281
10390	30204
9408	29222
2304	22118
8330	28144
8428	28242
10267	30081
8004	27818
5262	25076
2834	22648
9528	29342
7140	26954
3188	23002
10403	30217
8267	28081
7096	26910
1604	21418
3964	23778
5821	25635
9713	29527
6981	26795
2775	22589
10046	29860
4256	24070
7205	27019
5283	25097
6002	25816
2125	21939
2407	22221
1620	21434
6590	26404
9902	29716
6739	26553
1902	21716
7137	26951
859	20673
9697	29511
2215	22029
526	20340
9620	29434
5063	24877
2065	21879
162	19976
2118	21932
1927	21741
1038	20852
7251	27065
8355	28169
9870	29684
1807	21621
9092	28906
2741	22555
721	20535
3371	23185
227	20041
3055	22869
8821	28635
6802	26616
5052	24866
6080	25894
413	20227
6513	26327
795	20609
8860	28674
5703	25517
8547	28361
4385	24199
4672	24486
202	20016
5140	24954
4938	24752
9238	29052
6614	26428
4044	23858
695	20509
2474	22288
7292	27106
7999	27813
750	20564
9806	29620
6574	26388
4327	24141
1723	21537
1384	21198
5418	25232
9	19823
8509	28323
7727	27541
4716	24530
1976	21790
5172	24986
468	20282
6806	26620
8615	28429
7359	27173
8825	28639
7468	27282
9102	28916
4394	24208
8575	28389
6437	26251
1371	21185
7682	27496
9065	28879
6087	25901
6412	26226
5932	25746
9990	29804
8545	28359
478	20292
5717	25531
5583	25397
10451	30265
5421	25235
6811	26625
7985	27799
8581	28395
6724	26538
3430	23244
45	19859
2379	22193
5062	24876
4953	24767
3312	23126
6815	26629
4869	24683
1575	21389
4198	24012
6217	26031
3528	23342
3604	23418
8589	28403
7544	27358
9109	28923
9678	29492
6753	26567
1570	21384
2496	22310
1023	20837
2481	22295
3992	23806
4829	24643
10043	29857
4004	23818
3582	23396
6725	26539
6207	26021
9006	28820
2531	22345
9936	29750
9091	28905
10044	29858
10107	29921
9489	29303
3600	23414
1613	21427
3901	23715
1581	21395
8240	28054
5976	25790
4227	24041
7907	27721
5550	25364
8363	28177
1673	21487
8579	28393
8452	28266
6535	26349
7806	27620
629	20443
8927	28741
2012	21826
6893	26707
6210	26024
6828	26642
6384	26198
3038	22852
4715	24529
5369	25183
6110	25924
9095	28909
1527	21341
236	20050
8607	28421
5909	25723
700	20514
5356	25170
7657	27471
5223	25037
9474	29288
5016	24830
2421	22235
626	20440
6686	26500
5678	25492
9055	28869
6295	26109
2149	21963
2486	22300
5766	25580
6268	26082
7114	26928
4316	24130
1978	21792
2782	22596
9444	29258
2776	22590
7310	27124
8136	27950
8089	27903
8001	27815
6524	26338
1930	21744
6328	26142
5437	25251
3598	23412
7441	27255
1092	20906
1203	21017
87	19901
4561	24375
7528	27342
8634	28448
3614	23428
2007	21821
1900	21714
9431	29245
6129	25943
4527	24341
528	20342
5558	25372
130	19944
4633	24447
207	20021
6720	26534
1296	21110
381	20195
5266	25080
7461	27275
5210	25024
7587	27401
3387	23201
10070	29884
9151	28965
8518	28332
2925	22739
5477	25291
3581	23395
8552	28366
5871	25685
2052	21866
5311	25125
8346	28160
6296	26110
3935	23749
3288	23102
9509	29323
9803	29617
9603	29417
7967	27781
9576	29390
6065	25879
2013	21827
3122	22936
8800	28614
10053	29867
7964	27778
8219	28033
7828	27642
8193	28007
9748	29562
4428	24242
2881	22695
1220	21034
3457	23271
9759	29573
1984	21798
3233	23047
4102	23916
6979	26793
953	20767
8295	28109
3608	23422
6571	26385
8525	28339
9259	29073
7369	27183
4365	24179
1034	20848
2899	22713
8119	27933
172	19986
1120	20934
6221	26035
2745	22559
1643	21457
8421	28235
1518	21332
533	20347
9180	28994
8047	27861
3833	23647
4724	24538
9354	29168
1567	21381
